3723750	155,25960,25883,25079,11330,21565,20388,23342,15164,21887

8848250	23798,5848,24503,16463,5506,6876,647,26605,28824,27791

805750	24277,451,11029,8549,20015,7560,8689,25770,27791,16463

1724000	17846,451,12512,19021,4949,26523,15934,14048,28410,679

4054000	21899,587,10171,12285,22989,5185,26665,3534,24344,10710

2492500	18950,27,9396,16463,6904,8689,679,18353,6077,18832

11434750	18950,27,8220,9396,19021,6904,1918,18353,6077,679

1194750	4226,23549,5043,5832,25360,4750,6193,26699,27791,26618

2232500	7473,28824,12512,16460,20015,12285,7230,17846,5848,10702

11340250	6754,12512,23284,19021,14318,18024,25040,28603,23342,15164

10539250	23284,451,5799,20721,15935,27135,16420,28603,21887,18075

9973000	4949,17636,15423,6328,5094,8689,18024,20388,17372,12758

11590500	7473,26270,15164,27135,20015,12512,25040,8689,23284,164

7383000	7473,19015,11176,19,11029,16674,7105,25770,642,20015

1767500	8278,24944,16110,27135,4571,15315,18024,18075,26394,14318

6523250	29099,26288,554,155,27487,25040,26523,23013,27791,11679

9352750	24929,26563,4750,15828,500,1505,25372,679,13799,4728

11496750	11304,6767,18024,16463,4949,5799,25079,27791,16110,21887

4804500	19416,9620,10584,23628,22359,16460,23433,7105,23284,22365

11632250	13799,26288,20846,25883,25079,12132,4728,27791,18075,8533

11564250	4807,451,12512,155,16460,5429,1195,23342,11524,5833

3293750	26288,15315,24944,155,20207,7473,8689,20015,20661,23628

2364500	19416,15935,4949,28410,18832,155,15799,12758,16918,679

6900500	20595,8533,12165,6193,6255,20388,25372,25360,11790,27791

11646500	2099,19217,8628,2198,11330,11857,21485,23342,16110,25960

11972750	17641,7868,6904,155,19,16674,26679,6077,14318,13971

4921000	23798,23662,451,5799,8533,647,28641,26618,4750,679

7927750	22547,19949,21334,26763,20300,7561,28603,23342,26618,29551

528250	26288,6767,5330,4220,11679,599,20349,28603,17636,10948

5812000	21995,13682,28378,19021,155,647,10726,7105,27791,25883

835000	451,21092,16463,22547,8689,25040,28653,27791,21840,8278

2050000	4226,6104,16463,201,25360,21565,15934,22547,21334,5832

11142000	8943,17846,12754,4949,7473,8689,20015,12758,164,679

9420500	23342,12977,13799,155,11330,12271,4728,27791,18075,25883

7898750	12329,5799,22034,21334,15934,25570,12758,27791,28410,18024

9044750	5848,28824,14073,21840,19021,8313,18575,2762,20300,16110

746000	29099,12828,4819,16463,22313,19421,17794,23342,25022,6951

11300000	29099,5848,9111,28824,20015,7473,7868,25402,18353,679

6564500	8943,5848,28824,12512,26288,19021,7473,5094,12329,20015

3257000	23798,7473,12512,5791,155,20015,21121,28752,12758,16110

154750	12754,11687,23829,25099,16663,14248,20388,1918,23342,11679

11894500	9549,1918,11304,2570,12271,11150,2762,637,14318,23342

7483500	21092,27044,164,26270,14318,26679,25040,23342,15164,27791

5248750	7868,28824,20207,4960,4571,647,15584,27487,5848,679

5292000	7473,23662,18990,4887,20015,7868,29044,6767,18075,679

11283500	11196,21758,20228,949,21565,9834,16420,28603,25960,23342

4994000	12754,21865,27019,26679,6438,25040,26523,9563,15164,23342

848500	451,20207,12285,155,26523,679,16463,4571,27791,27487

11579750	6104,25360,3390,17455,4411,17060,25040,8489,28603,11679

3751500	7868,23013,451,18024,17647,22359,554,14679,4571,10584

11440500	17846,554,20207,155,22359,4571,12512,28824,10584,18832

6571750	9290,7473,9620,19021,20015,647,8689,20668,26523,679

8324500	3590,3324,21092,24944,2198,17846,12512,25372,25040,6951

3245250	23798,8446,22313,17657,4949,15510,21785,4338,17794,679

1247000	7473,17945,18697,155,4571,599,20015,20661,16110,679

11761750	26523,12285,15423,155,5094,4571,26699,12512,12977,20207

10566000	25402,16836,451,10726,22439,21565,6438,9563,9620,9972

5693000	12977,13799,19021,12285,12271,4728,12453,21887,18075,679

12231250	11687,7868,11176,15584,420,19021,7473,20015,16110,11330

3114000	11687,22547,13592,17968,4571,15858,26523,21121,16110,679

11225500	8943,11196,12512,25079,12285,17748,12271,9834,15164,11857

3675000	1131,6918,23628,15934,28181,4281,5429,5791,27791,21121

2187500	29099,14482,5330,5336,12165,6255,27135,599,26394,20349

6904000	4807,20207,18832,15784,26523,15799,25040,18353,16918,679

7375000	25040,25960,15164,14318,21565,12271,20388,27791,23284,23342

10047250	20996,20846,26270,25079,420,554,20037,17846,5848,29225

1240250	20180,6299,451,18075,16110,19015,19217,11687,642,25909

3903500	5848,28824,4960,7868,7473,554,27487,20015,14048,679

8997500	7868,10893,6741,23628,20721,8628,15584,3228,14318,22113

4102750	26288,18024,10014,25079,15799,8689,15858,23628,1010,17968

11494250	12754,451,4949,21565,12758,3228,28603,27791,23284,11679

2088000	26288,20207,25883,155,26523,25040,11330,28603,23342,11022

12386500	6918,10584,16396,201,5791,599,11679,21121,476,13787

10592000	12512,26618,22359,12285,7561,1731,26699,12758,10710,19949

4631250	22547,23662,16463,4949,647,26763,5429,25372,26618,29551

3014750	8943,23025,25079,21565,12271,4078,9834,25960,15164,23342

7830250	17748,27,9396,20721,18950,11330,11201,12977,27791,23342

7143250	7868,4281,24944,26523,15584,12512,3324,4807,18353,679

8622000	8278,155,15832,22989,23549,26665,12586,28603,23284,6571

4876750	4226,6104,451,4949,19021,25360,6193,12758,17846,5832

6015000	6104,7868,11150,5832,16460,25360,4226,6193,26523,21840

11782250	11225,22319,17642,1591,19015,8689,26404,642,1788,18689

10443000	5848,28824,12512,25366,20015,7473,15934,1731,5799,17846

5170500	19416,17846,12512,22359,647,23628,25040,12758,1731,6951

3249250	20180,17846,16420,12512,155,647,1493,599,27791,16110

6515500	7473,12977,15423,5094,20015,8489,17455,4078,27791,3390

9982500	554,21485,451,24944,10726,21092,15315,15320,16420,27785

19500	5848,15584,28824,12512,26288,12285,647,23628,27458,17846

3952000	15962,7473,451,25079,20015,7762,8689,25040,4807,28653

5654000	7473,9111,19217,20207,22359,155,27487,26523,451,679

3188000	25249,4949,12512,15164,16077,18002,27458,12758,23342,18075

969750	8240,6255,18990,12165,11330,21565,599,22439,28603,28410

3977750	8943,11196,28824,19217,13888,21565,599,1257,9454,23623

2448250	15934,15915,12512,12680,8549,12285,26679,26288,23342,679

2616250	14226,18990,14318,9657,26763,25372,20608,29551,28410,530

9173750	26288,12512,28410,17846,26763,23628,25372,22547,29551,26618

8649250	17748,23284,28985,29225,5971,12271,679,20388,21840,23342

5279750	13645,12647,12251,19949,22359,8643,7561,27791,26618,9842

9720000	15344,22556,15320,2198,16460,11022,16918,4807,451,28653

11321750	13645,22547,57,12251,19949,7561,25372,27791,26618,12647

4770500	17846,19379,21887,27791,22439,21565,679,17327,27785,6951

1244250	7560,451,12512,8549,19021,21683,647,18024,26394,14989

6067750	20180,6299,11687,5799,16110,5848,23549,27487,25909,23025

8123500	15315,22319,26404,8549,7560,25372,11201,27458,27791,20388

7568250	7868,7473,28824,23628,8549,26288,7560,12512,20015,5848

10715500	7868,18024,13799,11330,25372,12977,16463,27791,18075,4728

4963500	29099,26288,10014,25079,18555,16460,5429,18001,23342,11022

3405000	29099,2099,13682,5799,14989,5094,21683,15423,28181,451

12015250	17641,5848,5043,28824,12512,4949,4571,15934,6193,679

12004000	10847,22751,4887,27955,21565,9111,29044,5074,17451,23025

7002750	29099,5848,23662,451,554,21565,8689,28824,6767,21840

573000	12512,164,155,21683,14318,5429,16918,4807,14989,18832

8280500	13799,18075,15019,25079,25883,4728,1918,23342,11330,27791

9123500	21758,14020,16463,647,12271,16420,4078,23342,18075,25960

10628500	26288,22556,11022,16460,26523,21565,25040,21887,15164,10702

9811750	6754,15915,18024,25883,155,26523,21565,282,18353,679

10927500	647,12828,5799,155,4949,587,21565,27135,19021,21887

2322750	10847,22751,4887,27955,17191,29044,5074,27791,18075,23025

364250	7473,15584,164,20015,26679,11201,12285,7208,15164,24196

3954500	7868,4949,13682,12512,6571,16460,647,9454,1257,679

11949750	25402,16836,6328,4571,2570,679,17531,17372,3438,9972

9671750	8240,11196,25079,22547,17748,12271,27458,23342,15164,27791

6301250	22547,9111,4571,16460,155,26288,22313,5429,26523,679

8701250	23798,22547,10584,18024,9620,22359,12285,934,1731,19416

1782250	22547,6918,11176,19126,21334,15934,5791,5099,21121,11022

6412750	12754,23628,4949,25079,8689,15858,19021,17968,16918,18832

8145500	20180,6299,5043,11687,18075,25079,9567,16110,25909,23284

7060500	5848,28824,12512,18075,26523,6904,5429,28653,6077,679

3511000	6918,21092,26270,12285,20388,25040,28603,23342,23284,27791

10492250	19416,7473,12512,19949,20015,17846,23628,1731,7561,27791

309750	2891,3228,18075,4163,26679,17531,13592,3438,14417,11547

8940500	15934,25260,28824,12512,10726,12285,647,15584,17846,26618

4256000	3151,7868,28824,15584,16463,155,26523,27487,4571,28653

5052000	29099,12394,19379,18075,19021,15315,17060,25040,164,679

10696000	4807,5848,9111,28824,24944,21092,26523,23342,14318,28653

2676250	18555,29203,18024,22034,11176,7868,15799,18001,20425,5099

8271000	4226,7868,5832,11029,25360,22313,6193,25770,14318,17657

3282250	27044,23628,11029,5094,21565,15423,25770,27791,21840,18024

6126750	8240,13682,22148,29290,15799,25372,4078,21334,4807,23342

3288750	13645,12251,16463,155,8446,7561,20388,26618,6147,19949

11601500	8278,12828,12512,25883,26523,21565,6951,28603,17327,21887

10054250	15962,4411,2099,420,25079,11330,7762,12173,28603,22029

4059500	15962,7473,155,12173,7762,26288,20015,23342,26618,25960

154500	7473,2099,12512,6328,22359,20015,17846,24277,25570,20300

5655250	19416,29551,22359,619,647,25372,1731,27791,21840,679

8102000	9549,21092,20721,19021,11330,8628,155,16110,27791,451

10619000	7473,6680,12512,4887,8549,20015,7560,22751,26394,27791

8111500	5848,28824,15584,22359,4949,4571,647,12512,27487,679

9055750	8240,25402,9111,13787,13087,21565,24886,21334,15138,23656

3895750	7868,451,25883,679,7762,15934,1918,21334,27791,27625

5959000	7473,11176,12512,22359,4949,4571,647,18024,25570,12758

10264750	23342,11196,18075,15164,11330,20388,1918,27791,23284,20228

1025250	8943,9549,25079,11196,8689,20388,679,9834,23342,25960

4967250	8240,20180,25909,4949,12394,9369,12758,27791,16110,23623

10112000	11176,18024,16463,155,13888,4281,22034,25079,5843,15138

2968250	12754,7473,12512,28410,155,20015,7868,21334,21887,21840

3849750	7868,17232,23628,4887,155,17191,9454,1257,10866,6741

6358500	18950,7868,1003,19217,21862,21865,27,9396,27791,8220

4025000	11687,7473,24277,27044,20015,8689,14048,17327,16110,679

854250	26288,28824,23628,5094,12285,12512,13592,27791,5848,15423

10401500	19416,26288,12512,934,22359,4571,5429,1731,23798,679

3335000	7560,12583,18024,16463,155,647,1731,26394,16110,8549

6400000	19416,5848,25040,26288,4571,26763,7868,25372,22547,29551

6247250	29099,26288,451,15584,14318,22359,7868,23628,28824,26618

3552000	23798,20180,8689,21092,164,6299,25909,11687,16110,23284

5226500	8943,21840,21092,4709,28985,18501,5971,24886,14318,23025

11397250	8278,23662,18075,647,7976,25372,4728,16110,13799,679

425500	22126,5848,6918,554,15164,155,28270,28824,27791,22889

4880250	11196,21092,6754,25040,25079,21565,12271,20388,23342,25960

4153000	23798,7411,15498,4960,15915,14048,282,155,8826,679

9076750	11196,21865,21092,22547,11330,26679,12977,23342,15164,27791

39750	11176,18024,22034,6904,19126,5843,5099,23364,20425,23861

3396250	29099,11225,22319,451,1788,1591,26404,27791,28410,18689

11874000	27334,13975,12512,15164,25079,6754,25040,28603,23342,23284

11032250	5848,28824,4709,28985,155,21092,5971,8689,18501,24886

5952250	7868,23662,22094,16463,4571,26679,4329,599,27791,16110

8172250	8240,25249,155,25079,26288,7560,16077,27458,27791,8549

11078500	8240,26288,12512,6328,155,17372,21565,8689,20228,25402

9394250	13645,22547,12251,19949,4571,26288,7561,23342,26618,679

11711250	21919,451,18697,23284,12165,6255,27135,26394,18075,29225

9463750	12754,22547,6680,5799,28410,8643,26618,19394,21840,9842

4259500	23798,5848,8943,28824,12512,155,26523,26288,18575,679

5037000	7473,9802,12512,5094,22359,20015,15423,1731,17846,23779

10257500	12754,7868,11159,18024,20721,11029,420,8628,4510,25770

6497000	1902,16519,14417,27334,11547,155,3228,28209,13592,679

7190750	11687,8278,554,24344,5185,8446,10627,23829,24541,16110

8100250	20180,14661,13682,16110,19021,500,1505,26563,4750,16463

1381000	11687,451,25099,3482,25079,16663,15315,8689,23829,12512

3644250	19416,23662,451,155,27487,647,26523,20015,26618,679

2132250	18555,25570,6918,20146,6754,20388,18001,26789,23342,23623

6334000	3590,15344,21485,15320,13773,2198,4411,13354,6767,10710

6766250	57,451,23628,530,19021,24944,26394,12512,26618,18024

3266750	12754,7868,2099,451,12512,27135,25040,23628,26618,10702

282500	24669,7105,18990,1591,647,26679,4078,12977,27791,18075

5226250	19416,7868,23662,15584,4750,22359,4571,647,27791,21840

8060000	4226,6104,11022,21840,25360,6193,22547,27791,5832,22280

9015000	26288,451,29203,16463,22547,27135,7473,7976,4329,20015

7513250	5848,21092,57,28824,21565,28181,9454,12977,28603,23342

8163500	19416,5848,451,12512,155,26523,647,28824,26394,17846

10185750	1131,4949,14020,19021,27653,21565,15934,4220,16110,20668

4118250	2655,25249,18024,22268,20484,7868,27458,27791,12512,11679

452750	2570,451,5799,15832,23549,20300,11150,25040,26618,637

5608250	17748,11196,25079,26288,21565,25040,9834,23342,164,25960

415500	8278,20846,27044,8533,20595,26679,12132,11790,4750,27791

12275500	2655,6918,12512,5791,22268,20484,20388,21121,26618,679

1911500	5848,7473,28824,12329,22359,7868,647,15934,20015,21334

5865750	22547,21758,14020,5429,29290,26679,22148,4078,25372,4807

3981750	12754,29099,451,8643,27135,26679,599,4078,23284,9842

5962750	12754,15315,17641,27044,26288,21565,28181,20388,27791,23798

1806750	12754,20996,12512,17647,12285,6754,8689,20388,7105,23025

9694750	7868,451,15584,9620,4949,22547,12512,27487,14318,28653

82250	22751,4887,155,4571,1493,29044,5074,14902,16396,23025

10229250	8943,12512,934,155,26523,647,2899,18353,21840,679

3892750	25099,6147,23829,14318,16663,8446,8689,20388,1918,6741

4256500	12754,17418,15645,22240,15799,26679,420,27791,23338,23861

8129250	29099,6158,6328,9620,17372,642,19015,11022,26618,27791

6852750	5848,12828,28824,23628,25079,26699,24944,18575,11022,28653

4421250	5848,15645,28824,12512,4949,19021,949,17418,15934,27785

4447000	29099,7473,28824,12329,9620,8643,20015,27791,5848,9842

2975500	7473,12512,28410,22359,20015,12329,23928,17846,21840,6951

10799000	23798,20180,23628,25909,6299,647,17958,27791,16110,679

10234000	7868,28824,24944,164,16460,22547,23628,25040,4807,23284

3799500	29099,17748,5330,554,7868,599,3228,27791,10710,20349

7003500	4226,6104,451,14989,25360,6193,21683,20661,5832,11679

1561250	7473,12329,4571,647,15934,20015,21334,12512,16110,27791

9035750	24277,21758,18712,20015,7473,15934,16420,8643,16396,9842

5440500	24669,25360,6193,451,6104,4571,15934,679,11022,6393

984500	12754,7473,12394,9802,12329,155,20015,647,15934,28752

981000	6299,5848,28824,23628,10710,20015,7473,12329,17846,25909

2870250	451,12512,15164,27785,12680,18990,25040,27791,28410,20701

4658500	26270,25883,25079,420,5799,25040,1918,28603,23342,15164

8216750	13645,12647,5330,12251,26618,7561,19949,679,21840,20349

5287000	18024,1195,21862,22439,21565,11776,25040,15138,15164,5833

1530250	11225,22319,26404,22607,1591,28184,2762,12453,18689,1788

8033500	8240,7473,2099,27791,20015,22148,29290,4807,164,23025

3573750	23798,7473,451,26618,20015,7561,1731,17846,18075,23928

6412250	8240,26270,13799,4019,11201,12977,4510,23342,18075,4728

4133750	8943,11196,12754,11330,25960,17748,1918,23342,15164,23025

8555500	9549,1731,25883,4220,420,21238,25040,11330,17327,25079

8017000	17641,7473,23798,451,17968,20015,26679,15858,28603,28410

11701500	22547,949,57,8643,21565,26763,25040,29551,15164,9842

9163000	12754,26288,10584,5799,155,17846,647,12512,17641,16110

1855750	5848,22319,28824,15075,1591,1788,26404,27791,16110,18689

1365000	7473,20146,19021,4949,20015,11080,24277,16420,8689,10710

6634500	20359,7868,14073,26,8313,1694,8689,20300,5661,21840

7892000	22313,23662,24944,8643,647,26763,9842,4807,26618,29551

1622500	29099,26288,23662,12754,14318,8278,647,16918,26618,18832

1953250	5848,11176,12329,19021,20015,7473,24277,28824,18805,14318

1909250	22547,15784,21092,12512,155,25079,14318,27791,23342,4807

5110750	8943,5848,26523,28824,23628,155,8278,12512,4571,679

3344750	24669,23798,28824,12512,5848,8689,25040,28653,26394,679

4956000	4226,6104,28824,20207,5848,7473,6193,25360,20015,679

7016500	12754,451,25079,21092,21565,26679,25040,27791,23284,29225

5987000	21684,7868,22126,155,20015,7473,8943,15138,22889,29099

5320000	8943,15498,18353,16463,15915,20207,14048,155,9620,679

12331000	15962,11196,25883,25079,12173,7762,9834,12271,4220,23342

861250	12754,26288,21092,12512,25079,11330,21565,12285,23342,15164

3846250	11687,12754,19379,18024,28410,19021,29099,647,16110,21975

4895250	8943,12977,20207,155,26523,23549,12512,27487,24886,679

203750	8240,12285,19015,25883,11330,12271,16463,4078,27791,642

371250	8943,11196,27458,12512,16077,20996,17748,12271,2762,25249

10224750	23798,17641,451,18832,155,7868,15315,26679,16918,679

1904750	7868,2099,13765,18024,20228,8689,28181,22094,19431,742

11552750	4226,6104,15934,25360,7473,6193,16463,20015,5832,679

4378500	17748,22547,6767,21092,18024,26288,26763,25372,23342,29551

4782250	8943,5848,28824,23628,19021,26288,7473,8689,18575,20015

3312500	28410,25883,27334,14318,21565,679,13592,27791,14417,11679

9946250	17748,11196,8943,12512,949,15315,20388,9834,23342,28410

9972250	26288,17133,6548,25079,6754,12512,12271,15828,23342,18075

5238000	17846,28824,15423,5094,12285,647,18805,27791,5848,9802

2797750	23798,6680,20846,5799,19394,23549,9912,12132,14048,27791

6250250	12754,19974,17641,6592,11330,4411,20388,1131,27791,18075

6272000	25402,6299,4578,11687,8533,20595,155,6680,16110,25909

10322250	7473,2099,29203,4949,20015,12394,25570,12758,10710,6393

10933250	23798,17636,5330,4709,28985,599,28669,6680,27785,20349

847750	4226,6104,451,57,26618,25360,7868,8689,5832,25402

393250	7473,23662,23628,22359,4571,8446,18024,26394,26699,20015

8745250	17846,1902,16519,8643,22313,26679,25040,11790,28209,6393

12215000	19416,5848,6918,28824,12512,20015,15799,4571,5791,451

236000	22547,451,8643,20300,26763,25372,21796,29551,15164,29225

8508750	8240,25402,11687,16663,25079,155,11330,25099,2762,3482

3625250	420,9549,5995,6592,25883,25079,11330,1918,4220,679

1838750	9290,20668,6571,5803,5151,7105,28603,21887,28410,29225

6258500	19416,17846,451,22359,4571,8689,2899,18353,21840,679

1758250	5848,28824,23628,22359,4571,15934,18575,6393,10584,679

9069000	13645,17846,451,12512,19949,7561,20661,24886,12758,26618

266500	7868,6680,8533,11029,8643,20595,25770,11790,14318,9842

4501000	8943,26288,16887,9881,15832,23549,3476,1630,8842,20701

8149250	12512,155,12285,21565,1493,25040,27487,1731,20300,26618

10212500	647,23662,28824,8278,11431,8549,5848,7560,16110,16463

10976250	26288,23774,451,26618,27334,17846,7561,23342,15164,6951

599750	26288,451,20015,7473,19217,23779,20661,21887,10710,10702

5522250	26288,451,23628,155,12285,647,12512,26699,12758,17846

11121500	25402,23549,23662,16110,19021,22989,647,26665,15164,11431

1620500	12754,18555,19379,18180,17024,1831,1493,18001,27791,451

1661750	23798,13645,12512,19949,155,7473,7561,12251,26618,12647

47000	4059,15019,10710,8549,420,7560,28181,21683,14989,5833

7320250	19416,7473,451,57,22359,4571,647,8689,2899,20015

12028500	22547,21092,57,21840,500,20300,25040,4807,164,28653

9802000	7473,23662,21092,23628,18501,4709,20015,5971,8689,24277

10185000	6918,11431,1591,19015,11679,642,23623,21121,27791,16463

4886500	23798,7868,451,57,21565,16420,17327,25040,15164,6393

11022500	26,7868,16110,15069,8313,1694,20359,20300,5661,21840

1459000	17748,17846,12512,18075,25079,11330,26679,4728,13799,25883

11129250	19416,7560,23628,22359,8549,7473,647,20015,17846,679

6354500	12754,26,14073,10726,15069,1694,20359,20300,5661,21840

239250	23798,5848,12512,21840,13645,7561,26618,27791,6741,19949

11939000	19416,5094,14661,12512,934,22359,4571,28181,12285,6951

5769750	13645,12647,12512,25883,19021,7561,23628,25040,26618,19949

9039750	29099,26288,554,6754,4949,19021,17846,21565,10584,28410

9794000	451,10710,8549,19015,7560,7975,11201,26394,20388,14318

5948500	155,25883,25079,11330,8628,12271,3032,23342,23284,27791

4902250	1131,26288,17968,6328,17372,18024,15858,26394,14318,679

5061750	8693,13494,23774,451,26270,15315,4939,5330,26394,20349

10064500	17748,7868,21758,20228,21887,23549,25040,28641,164,27791

10972250	22126,451,18024,10480,155,22889,17060,26523,6918,476

8243500	5848,28824,12329,16110,20015,7473,24277,25883,164,679

6061250	23662,12512,14318,4571,647,26699,19015,642,16110,11431

5220750	13087,9111,25079,155,4571,5429,26523,27543,18075,679

9199500	22547,23662,21862,11196,21565,7976,20388,8643,25372,26618

8949750	12754,25402,22751,12512,4887,12165,6255,27135,29044,28603

1969000	17846,4949,12512,19394,155,12285,647,6680,18075,679

1934750	23798,17846,12512,9842,22359,19015,8643,27791,18075,642

11137750	15584,23628,10726,22359,11000,647,15934,7560,26618,8549

5027500	22547,23628,4949,11330,16420,20388,12977,23342,164,27791

10302500	13494,21887,18024,25883,155,11330,1918,23342,25079,25960

42000	17641,22547,15645,57,13888,17418,26679,25372,5429,4807

11737250	8693,12394,5330,476,22439,21565,11776,14165,16396,20349

5910250	8446,3082,27044,17657,4338,15510,22313,13784,27791,11679

5336750	19416,8943,23628,16110,22359,20207,5799,11022,23284,934

8170750	25249,21565,26270,16463,16077,6754,12271,25040,4078,27791

3410000	7473,6767,20037,28181,26288,11196,24277,3228,5848,20015

7494250	4281,18024,10014,25079,11330,6904,1918,6828,6077,1010

5143250	22547,21092,12512,25079,155,26288,25040,18575,27791,8643

6780500	24669,5799,12680,155,17060,20207,25372,4078,23628,10710

2807500	15075,451,23628,164,25079,26679,25040,27791,14318,679

145750	4807,20996,15645,554,13888,20388,29290,17641,22148,11679

140500	17506,13450,21092,22094,15164,155,22439,21565,16331,16396

1114000	8943,11196,12512,155,7868,26679,20388,9834,23342,29225

9716500	12754,451,12512,22034,4571,15934,5843,18024,5099,19126

11616250	20180,6299,1902,11687,16110,155,25909,28209,21840,28985

7657250	4226,6104,21758,57,25360,6193,25372,27791,5832,15645

11631250	17133,6057,6548,4220,4411,16085,15828,28603,164,679

2557000	11687,7473,11176,18024,155,4949,20015,24277,19021,16110

10119250	23798,5848,21565,28824,12512,11176,20015,7473,15934,647

1459750	7868,12512,16463,11330,15315,27135,25040,16420,14318,679

5059000	23342,21092,18024,15784,11330,24944,26394,4807,27791,23861

10845500	7868,19379,451,14318,6904,5429,6077,4807,164,28653

1531250	29099,26288,5330,12512,15832,17846,23549,27135,28603,20349

8040000	13645,12647,12251,19949,8643,27487,7561,9842,26618,679

11493000	11687,57,2762,25099,3482,16663,15934,25040,23829,10726

9651250	17846,2099,12512,4949,19021,19015,28603,21995,12758,642

9351750	19416,7473,22359,4949,4571,2899,20015,155,21840,934

4047000	29099,5848,23549,28824,15832,12285,9988,26699,17846,679

10653250	22547,57,21840,27487,8689,7561,21334,27791,26618,19949

3168000	7473,29334,11176,28481,16939,24277,4300,528,20015,18990

7103000	12512,4949,155,647,15584,25040,14261,23013,16110,11431

3216500	19416,26288,451,5799,12165,22359,6255,27135,26394,20349

7568750	26288,451,6255,17846,21565,6438,6467,29225,9563,23342

9344000	7868,21092,12285,18180,1493,12132,28603,10584,4807,28653

11535250	12329,28985,4949,647,8689,25040,18501,27791,164,28653

7450000	5848,28824,12512,22359,26288,7473,15934,4571,26699,20015

10592750	29099,451,12512,15915,22359,4571,155,27791,28410,679

9288000	20180,6299,23475,10726,19021,4571,647,25909,11022,16110

83250	420,4411,10014,25079,11330,7762,26288,25040,12173,155

5199750	17641,5995,10584,6592,16463,27334,7927,18024,57,19379

2033500	19416,8278,3390,12512,22359,17455,17060,8489,27791,28410

5467250	1918,17133,6548,27135,4411,18024,16420,15828,18075,20228

11957000	19416,22547,12754,19949,155,4571,7561,25040,20300,26618

11613500	7560,7473,23662,451,12754,8549,20015,15799,12512,27791

2733500	17748,26394,12512,22439,21565,11857,20388,3228,23342,15164

71250	29099,22583,9193,23628,28270,15681,23549,57,25040,17327

620500	23798,26288,8943,28824,20207,22359,22547,22313,5848,679

4850000	12754,7868,11176,19126,22034,18024,5843,5099,23364,23861

7854500	19416,26288,23662,451,23628,22359,19021,647,15584,28824

1966250	7473,9620,19021,20015,647,15934,25570,18805,12758,27791

299750	23798,7473,4571,12512,5848,26288,28824,20015,451,679

567250	11225,22319,26404,8533,1591,11330,20595,11790,1788,18689

711500	6918,57,29224,19021,21683,647,15584,27458,20456,14989

764000	13087,8693,4808,5330,12165,9031,6255,27135,21840,20349

5642000	8943,5848,28824,15584,12285,6951,27487,17846,26618,28653

7116750	22547,12512,21334,27625,17846,26763,26546,29551,26618,11679

1517000	19416,17636,10584,23628,934,22359,4571,2899,599,20349

10393750	7473,1902,16519,22359,20015,1493,25040,599,28209,27791

3096750	12754,27019,1918,25079,12271,25372,11679,23342,15164,27791

6998500	7473,6680,23628,8533,20015,5799,16918,17846,16110,9620

10261750	22547,6918,20207,21840,155,26523,25040,18353,14318,22359

6099250	15962,7762,6680,15125,12512,12173,4411,26270,420,23342

731750	18950,26288,9396,23628,15075,9549,27,20388,26394,11679

10588000	26618,451,27785,27135,25372,4078,17327,23342,15164,11679

8435250	13645,7473,23662,15584,19949,4571,647,7561,27487,20015

11527500	23798,5848,28824,25079,155,26523,15915,4571,8826,679

9121750	23798,26288,451,8549,4949,7473,7560,20015,12758,27791

6458500	19416,15672,5043,934,22359,4571,21565,2899,22439,16463

791500	29099,15935,5995,22556,18024,8446,6592,679,21887,23928

11362000	21338,9031,4808,26394,12165,6255,27135,20349,18075,23861

5745000	10570,9549,21995,13682,10726,19021,17846,11578,26394,9620

8346250	17748,17846,25079,4220,26523,18741,25040,23342,21840,679

6433000	12754,21865,4808,13672,8628,11196,9369,20388,23342,476

8909750	13645,12647,12512,19949,7561,8689,12251,23342,26618,6724

2316250	19416,5848,8943,23628,5094,20207,22313,15423,26699,23798

341000	5848,26523,28824,20207,155,22359,27487,15915,12512,4571

892500	13645,22547,23628,19949,22359,7561,12512,25040,12251,28653

5906250	10702,22547,14661,9842,155,12285,21565,8643,26523,679

5121750	8826,26288,15498,4960,15915,4571,14048,155,14318,9620

7918750	13645,12647,12251,19949,7561,26618,26394,27791,10710,9620

5407750	13645,28824,12512,19949,22359,7561,20388,12251,26618,679

6150750	17636,1918,6328,25079,17372,6904,27458,23342,6077,679

6603750	1902,16519,25040,155,29290,25570,22148,20661,4807,28209

563500	19416,7473,23628,22359,20015,647,12512,9454,1257,17846

12173500	11687,7868,451,25079,201,6438,16463,155,16110,9620

12061000	23342,23284,27791,11330,12394,20388,25372,17327,13799,4728

1148000	13494,6767,18024,1481,5081,25040,27458,28603,28410,28653

11683250	23798,22547,4949,4750,8549,7560,10710,25570,6467,26618

6700250	7868,5995,12512,8549,25079,420,7560,6592,25040,12758

4073250	949,24886,18024,155,8549,17372,7560,15934,26394,6328

1815750	12754,13645,15645,451,12251,19949,4571,7561,26618,12647

5024500	5848,28824,12512,26618,20015,647,7561,19949,16110,679

1793250	7868,15584,12329,28410,19021,7473,647,15934,20015,16110

1165500	1131,7473,12352,12512,5094,19015,9369,25040,27791,642

5011500	22547,451,16460,8643,22556,12271,22439,23342,164,9842

6849750	13645,17846,19949,12647,16110,7561,12251,27791,26618,23342

9394500	7473,9567,15584,22359,7868,12512,20015,23342,26618,23779

1617250	19416,26288,451,5506,6876,26605,2899,4571,24503,16110

10773000	19416,7473,12329,18832,19021,20015,647,27791,16918,679

4184250	5848,451,12512,155,7868,28824,26288,25040,4750,8278

10915250	1131,25260,21092,23628,164,57,8689,12512,14318,27791

6234000	15962,22547,8643,7473,17060,25040,20015,28603,6467,9842

8822250	8240,2655,16836,8549,22268,7560,20484,21899,2803,9972

9842500	7473,12512,19949,19021,20015,17846,25570,12758,27791,26618

1118250	19416,7473,12512,934,22359,26699,23628,2899,20015,28603

6867750	29203,18075,13799,8549,11330,4728,12977,23342,15164,27791

1906000	29099,554,18024,20228,11330,21565,11431,16420,17327,679

1173500	22547,19379,24944,15584,5791,6918,21121,4807,26618,23342

200250	23798,26288,28824,12512,22359,155,5848,451,22547,16110

10944750	3627,9802,21334,12394,15934,1731,10584,16420,10710,17327

2006000	18075,10726,25079,25883,4329,14661,11330,23342,14318,27791

6848750	9549,23475,19021,25079,19015,7762,18024,16420,12173,642

4193750	5848,28824,57,18575,26523,17060,28641,4571,18353,11679

6140500	8240,7868,18555,18001,12512,20228,8689,22609,23628,7105

2921750	5848,7473,451,23628,14318,26288,28824,12512,25040,26618

5999000	12754,7868,25260,155,21565,15307,4491,23662,27785,23623

1792000	13645,22547,15584,26763,57,25372,7561,27791,26618,29551

3661500	8240,2570,19217,16463,11330,15315,11150,25402,637,6571

1338750	19416,12512,4949,22359,1731,2899,12758,25570,28410,934

11734000	15645,28824,12512,10710,155,13888,9988,23628,16110,6951

3363000	23284,26288,554,451,16460,4571,22313,26523,6741,679

3288250	7473,12512,16463,6741,20015,27487,679,5848,26618,9620

5082750	9549,12132,6328,16460,17372,20846,20300,16420,11330,17327

12015000	17748,9549,949,15799,679,20388,1918,12271,23342,27791

10309250	22547,23628,21334,15934,26763,5791,25372,21121,11022,26618

11794250	155,14318,19021,17455,16420,17060,25040,5429,18353,23284

4853750	29099,9549,12512,155,7976,25402,6438,18575,9563,27791

10885750	20846,28481,6571,3658,23549,5799,12132,11790,19394,8533

832250	21565,21785,22313,17657,19021,17846,647,4338,11790,17794

1441500	420,11330,8643,16420,7976,11201,1918,16873,15164,9842

4475750	19416,7473,23628,19949,26523,20207,24886,7561,26618,20015

9179500	23284,9549,20228,25079,21565,27135,25040,11679,164,679

5754500	12754,13645,12251,19949,18741,7561,25040,27791,28410,23284

2768250	26605,24503,57,6876,11330,647,14020,25372,4078,18075

4907500	26288,21092,7473,21565,28641,4078,20015,27791,15164,23342

2891500	7473,19021,12329,10726,11330,7868,15934,20015,27791,9620

6751750	6393,5330,9972,10710,27135,20349,28603,27791,26394,679

4195500	8278,23662,21092,15584,5094,22359,22547,647,15423,24944

4257000	7473,23662,25570,20015,647,21334,25040,12758,28641,16110

6299000	10480,8549,19015,7560,15934,12352,7096,642,28410,679

417250	29099,1505,554,26699,500,8689,26394,28653,21840,23025

621500	7473,21565,12512,10726,20015,15799,24277,6754,12758,27791

9782000	22547,26563,21092,12285,500,1505,12271,12977,27791,4750

12154500	22547,10584,12329,18805,26763,25372,12758,17846,16110,29551

5491500	4807,22547,9842,26523,26763,25040,8643,27791,26618,29551

3742000	26288,12251,19949,155,22547,21565,7561,12285,26618,9842

5068750	11196,6767,6057,13749,13247,26699,4411,16085,2251,13244

8702500	29099,26288,451,12512,554,5848,28824,22547,26394,679

9202750	8240,9549,14661,12512,16463,11330,22029,5429,2762,25402

4035250	25249,3324,24944,4281,18741,17060,25040,27458,12512,26618

1727500	23798,7473,12512,20228,6438,21565,8689,15858,2762,17968

3009000	19416,26288,451,23628,155,22359,4571,26523,26618,29099

434750	6680,9802,12512,4949,26679,25570,679,12758,27791,17327

2688750	5848,15498,28824,5799,8826,15915,12512,18575,18353,451

1499750	8943,20578,23798,11196,22989,647,26665,9834,23342,15164

12234750	18024,21092,23628,27791,11330,8689,23861,11176,23342,23025

10768750	7868,451,15584,16918,18832,25883,20300,27791,23284,679

11307500	19416,26288,21092,12512,17647,4571,5310,25360,23342,23284

8070000	9290,7473,5799,20668,20015,24277,5429,7105,27543,23623

2103250	29099,7473,25272,23628,26288,26679,12512,19015,642,6393

6619500	23798,7473,5799,9620,20015,12329,4571,27791,16110,679

2168250	15799,23662,451,18024,647,17968,15858,21887,18075,679

3148500	22547,6918,21092,9620,5429,26523,9111,25372,11022,27791

12008000	7473,23662,23628,8549,25079,20015,7560,15584,23013,6741

8573000	19416,7473,24669,451,23628,20015,17968,15858,12754,14902

9782500	19416,5848,28824,15915,22359,4571,15934,26699,21334,29099

11169500	29099,26288,12512,164,25079,27117,19021,28603,27791,15164

139000	11687,11080,21995,19021,4949,4571,8689,17641,16110,14902

11612500	26288,12512,23284,22439,21565,20388,26618,23342,15164,25960

9244000	22547,18361,11176,22359,1583,28769,25372,1222,8477,21840

7163250	5848,28824,7473,19021,20015,647,12512,12352,7868,451

6014750	7868,27044,25099,3482,19021,16663,8689,23829,11790,18075

8160750	7868,19015,451,18024,9549,21565,25372,4078,23342,11679

5261000	4226,6104,4571,15584,15164,155,7868,6193,25360,5832

6572500	8278,18361,18024,155,1583,28769,1222,8477,15164,13394

10756500	5848,5043,28824,4571,9988,28209,16519,1902,18075,679

10816000	17846,21758,26270,12285,7927,4510,2762,28669,19379,679

8617500	7473,4949,451,16663,19021,155,20015,25099,7868,23829

5980500	8446,22313,554,17657,21785,15510,647,4338,24541,17794

11046750	17748,29099,6828,6104,5832,12165,25360,6255,6193,15164

11625250	1131,8240,23563,23628,11849,21071,28603,23342,18075,27791

4557250	16846,18024,4949,155,15934,679,12758,27791,10710,24929

9906500	7473,4571,20015,647,15934,14048,679,27791,16110,11790

10979500	13799,12754,13975,4078,25883,11330,12977,27791,18075,4728

11936000	19416,21092,23628,201,4571,8689,25040,26394,27791,4807

1063000	4807,451,23628,8689,155,26523,16460,20207,18353,679

1528500	24669,26523,28824,24944,155,27487,22313,14048,4571,21840

4004500	19416,7473,23928,934,22359,4571,24277,2899,20015,679

12371000	7473,20015,23628,25079,155,26523,22313,8689,4571,679

2626250	17846,25260,20846,18024,23662,12512,12132,23342,15164,679

965500	22547,17636,15799,12512,4571,647,18024,26665,16420,24601

2771250	8278,11176,18024,19021,25079,12512,25040,28603,21840,16463

5968250	8943,22547,15138,8689,26763,25372,24886,27791,26605,29551

8072250	17641,57,25040,15934,26679,20388,11679,12271,18075,27791

4922750	25402,26288,23798,16463,4949,12758,25570,21334,27791,28410

12388250	26288,18024,19949,4949,20207,7473,1493,20015,7561,26618

11503250	451,23628,14318,4949,1257,647,6904,9454,19021,6077

5438000	8240,5995,10584,6592,10999,25079,11330,21334,25883,679

7476250	7473,155,22359,12285,17846,1731,20015,2899,14318,934

8869250	4226,6104,13682,7868,7473,6193,25360,11790,5832,20015

6977000	528,16110,18712,16939,25770,4300,16420,28603,27791,18075

2480750	647,12512,15164,155,22439,21565,6393,28603,164,679

7405250	15962,29203,25883,25079,12173,7762,1918,25960,18075,27791

3010000	26270,25883,25079,11330,18075,4728,4510,27791,13799,23342

6713250	21565,23628,19021,155,7473,647,17846,20015,5848,14318

7600250	12754,7473,12512,10726,25909,17846,12329,20015,20180,6951

7345250	22126,4709,28985,18501,5971,18024,13592,23025,21840,28653

5846250	5848,2099,28824,25883,587,15315,6904,12271,10584,6077

5994250	20425,11176,18024,22034,4949,19126,5843,5099,28410,23861

5828250	8693,7868,5330,5336,12165,6255,27135,26394,18075,20349

317500	19416,17846,9111,934,22359,587,1493,2899,12758,27791

38250	12754,26288,451,16918,18832,8689,10702,679,164,28653

3963750	8943,7473,12512,15832,22359,20015,647,17846,4750,679

4533750	7868,19379,21092,12512,25883,10570,12285,24886,15164,20228

8628250	7473,15645,16463,20015,17418,26763,25372,4571,29551,13888

1104500	21565,9802,12329,19021,22547,647,8689,22439,27791,23284

10000250	25402,11176,18024,23364,4329,5099,5843,23342,20425,25960

4852000	29099,26288,451,18024,4571,17968,15858,26699,28603,16110

11131750	19416,26288,22313,12512,4571,8446,26679,19421,647,11679

4115500	25402,23798,18555,17483,155,29099,21565,27791,4578,5833

6897000	5848,15645,19175,22359,13888,21565,5429,17418,23338,23928

8156500	29099,22547,20207,155,26523,15934,679,23342,12512,27791

591750	20180,6299,4949,11687,25909,16110,25079,16396,25040,13672

4037500	15962,8489,27785,25079,12173,7762,17060,12271,11330,18075

380000	29099,26288,15315,451,16463,5848,22313,8689,25040,27791

10790500	17506,13450,28824,22094,16396,19021,5848,23628,20300,16110

6754250	23798,5848,6918,21092,24944,25079,22547,28824,23342,21840

2350750	21092,5330,15784,27135,11524,20349,28603,27791,14318,4807

7184500	23798,7473,23628,12285,1583,26699,647,1731,20015,11431

8529750	23798,7473,19949,26288,20015,27135,7561,27791,26618,13645

1086750	7560,12512,1788,8549,4571,647,5799,5848,17846,16110

5155750	23798,5043,12512,22359,26523,26699,4571,27791,26618,27487

5108000	19416,29099,12512,11431,18805,26618,1731,26699,7561,16110

9512750	29099,22556,12512,28410,16460,11524,21887,4807,451,10702

10598500	20180,6299,11687,16110,19021,21565,5330,164,25909,20349

11984750	7473,155,4949,20015,647,21334,25570,28752,12758,10726

5901250	29099,26288,15962,25883,25079,12173,21565,25040,4078,7762

2852250	7868,7473,11176,18024,13682,647,15584,27458,12758,23861

5915250	13087,21758,11431,1195,22439,21565,16396,17327,476,5833

2752000	19416,5848,28824,15423,5094,22359,4571,26523,155,679

10533750	23798,22313,23549,28824,24944,7473,8446,20015,6741,28653

725000	26288,12512,25079,4949,20388,1918,12758,27791,15164,23342

4392000	7868,23662,12512,17846,647,15584,1731,26394,26618,23928

3581250	4807,7868,16918,25079,679,25040,1918,27791,14318,28653

11220500	8943,4571,23662,21485,15320,155,27487,647,14048,26523

12417500	26288,26618,25079,26699,7561,26665,23656,27791,28410,29225

9979000	19416,7473,19379,4949,22359,20015,21334,25570,12758,27791

7269250	2655,6918,28824,5791,20484,22268,20661,8643,21121,9842

3211250	5848,12828,28824,22359,27487,647,20300,12285,26618,679

405000	21899,12977,12512,18075,11330,12271,4078,23342,13799,4728

8051750	7473,451,15584,15164,20015,21565,26679,14679,23342,26618

6571000	13645,12251,12647,1583,7561,28769,8477,27791,26618,19949

4399750	8240,11687,18024,164,16663,25099,23829,27791,6147,3482

6807250	8943,26288,15423,5094,155,26523,7473,647,20015,6951

12229000	12754,451,4709,28985,8637,5971,16420,28653,18501,14661

1971500	22547,3324,24944,16463,155,26523,22313,27487,4807,23284

2078000	29099,5848,28824,23628,22359,4571,5799,27487,12512,23798

5899750	12754,20996,10584,12512,20228,155,26288,26270,17846,16463

7435500	8943,5848,28824,12512,155,647,9988,23628,26618,679

11730000	22547,21758,57,15645,19175,13888,17418,25372,4807,27791

10966250	5848,23662,13682,23628,155,26523,15934,5799,451,679

5187750	5848,28824,7473,155,26523,647,15934,20015,451,679

2988000	20228,18024,155,25079,11330,6754,27135,25040,16420,679

11339250	17641,26614,3228,12736,13067,27567,1918,7105,27791,679

1812000	7473,12329,4949,8549,20015,7560,25040,19021,21334,647

10063000	7868,4949,451,12512,9620,19021,26288,11330,9111,4960

4852500	26699,23928,451,6741,22359,4571,21565,26618,10710,10726

2704750	19416,7473,12329,15832,20015,23549,22268,27791,1788,2655

12016750	8943,4571,23628,155,26523,20207,8689,27487,14318,679

5139250	13645,7868,12512,19949,22359,15934,7561,12251,26618,12647

7218000	23798,5848,6767,28824,12512,12285,18575,17846,4750,21887

8195000	6918,451,14073,21840,22359,155,20300,5791,27791,16110

6683250	24944,5791,19021,155,21121,28752,5053,27791,27785,17327

64000	7868,21758,15915,10840,4571,9567,587,2762,6767,27487

1449250	6299,5848,28824,20180,25909,25079,647,11687,16110,679

11923000	7473,451,10710,4949,20015,15934,14048,12352,16110,679

9212500	12251,57,16463,155,11330,18024,26618,7561,164,19949

5034000	7473,12512,155,27487,8689,5053,26523,23013,17846,20015

10052000	10847,9111,17191,20721,22439,21565,16420,27955,25040,4887

4716750	2570,22313,18024,9620,22439,21565,12512,16420,11150,637

9839750	8240,18555,6680,12512,10726,25079,25086,15584,18001,27791

7860250	11196,6767,13819,13749,26699,2783,13401,11773,17327,11679

472000	17641,5848,18575,25079,9549,7473,26679,28824,20015,23284

3310750	12754,26288,23628,25079,19021,7473,18024,20015,155,23342

4454500	7868,10584,23628,155,26523,20207,15858,4571,18353,679

9278500	24669,11196,23662,26288,22439,21565,9834,20661,16110,647

3272000	6104,7868,19,11029,4949,16674,6193,25360,12758,13971

1688750	8240,11196,22751,4887,20228,10847,17191,23025,9834,10726

1140750	19416,5848,23628,16463,5094,4571,15315,15423,26394,17846

9215000	8240,21758,21092,12512,21565,5799,25040,27791,15164,21887

9628250	6918,6767,16463,8549,29290,7560,16396,22148,4807,28410

190500	25402,6104,8943,4949,25360,4226,6193,4571,12758,5832

3089500	23798,17641,25372,3406,17748,20388,26679,12271,28603,27791

3304500	12754,15315,16460,155,4571,647,1493,22148,26523,164

267250	13087,5848,28824,16110,26288,21565,15934,18575,28410,23623

3787750	18950,27,8220,11176,12512,15164,18024,9396,1003,14318

3035250	21565,18361,19021,1583,647,28769,16420,1222,8477,11679

8314250	451,23628,22359,647,15584,20300,14679,23013,18843,14318

5539250	25402,7473,554,12329,26288,20015,24277,27791,15164,679

6257000	26288,18353,15584,164,155,24944,12977,23342,23284,4807

11751000	9290,8240,11776,20668,11330,18555,14165,17060,18001,28603

1189000	29099,9549,19379,2099,25079,7868,26288,25040,23342,26618

3075000	9549,23774,20996,18075,25883,25079,420,11330,4939,679

3684750	17748,2099,26270,20228,11330,14248,12271,16420,4510,23342

6233750	451,14020,16460,25079,12271,15019,28653,25040,28410,4807

11716000	29099,155,4571,16420,26679,20388,26523,25040,15164,679

382250	13682,7473,2099,451,19021,25079,20015,647,27791,164

10312750	7473,451,12329,22359,20015,17846,20300,22547,27791,21840

1838000	9031,4808,15907,17968,18075,4220,6840,15858,26394,26416

3913250	25099,26270,23284,16663,23475,25040,23829,23342,15164,3482

887750	23798,7868,28824,12512,26618,4571,23628,27487,5848,679

11352000	7473,3390,12512,16463,20015,8489,24277,26618,16110,679

10578000	23798,21758,57,155,20300,14020,25372,15858,9111,21840

1046250	7473,23662,11176,16110,4949,20015,8446,24277,23284,647

4087750	5848,28824,23628,7473,647,8689,20015,12512,23623,28653

2823250	164,12512,18075,15915,14048,28653,282,18353,15164,679

4376250	17748,18024,25883,25079,22439,21565,26270,25040,27791,679

3149000	11687,647,11176,25099,3482,155,16663,15799,23829,18075

10609250	21338,15315,9549,12165,4220,26523,6255,27135,23861,20349

11847750	16663,25099,18024,25883,25079,587,8689,23829,28603,11022

6205000	13390,4709,28985,155,21092,5971,18024,18501,24886,28653

799000	8943,5848,28824,16463,15832,22547,4571,14048,28653,679

12239250	29099,7473,23662,4949,8549,20015,7560,27135,12758,26618

3795000	7473,23662,27334,19021,20015,17846,7868,23623,27791,11790

2182750	7868,15315,451,10726,25079,9549,6754,15934,21683,14989

9685000	7868,5330,22094,11029,5848,15799,28181,599,25770,20349

2251750	1131,26288,19974,22439,21565,28181,8643,4078,4807,9842

3520000	22547,5043,12512,5848,15934,5429,7561,21334,1731,26618

10069500	451,12512,10726,4949,647,8689,26618,12758,1788,679

887500	11939,18075,25883,155,11330,647,12977,27791,13799,4728

7322250	9549,7868,25260,18024,23662,8549,15934,7560,12512,17846

10477000	19416,7868,12674,25933,420,16952,1917,16420,27458,10584

5697750	13087,8240,4578,10726,22439,21565,599,11330,13672,25402

11167500	19514,23852,18501,13430,7354,25976,23779,17855,281,5617

12065000	21899,23798,27044,1533,22989,21565,26665,2762,20388,14661

6264750	23798,25249,26270,16077,155,21565,11857,12271,27458,23342

12337750	29099,26288,5799,20228,25079,9549,18843,5053,23798,20721

2378500	12754,26288,23662,23628,12285,155,7473,647,20015,23342

3054250	7473,26523,4571,155,24277,22313,20015,27791,5848,679

69500	17846,21092,12512,7473,23628,25040,20015,21887,10710,6951

747500	15962,9829,23475,16463,12173,7762,57,420,17327,679

2148250	27117,21092,18024,26270,26679,1493,25040,15164,27791,23284

5726500	7473,23662,451,12512,20015,9802,15934,27791,14318,23861

7886000	7868,23662,11176,23628,22034,647,5099,27791,26618,4807

1206500	16602,11080,22280,5799,587,12606,9567,16420,27791,679

9437500	29099,12754,13682,5799,20228,25079,4324,23549,27458,4807

2198750	25402,26270,20228,21565,27543,25040,21334,27791,23284,679

2253250	5848,21565,28824,10726,12285,647,10710,4571,17846,28410

7893250	12754,28209,1902,16519,18697,22547,12512,20300,25040,16110

6380000	29099,22583,6918,5799,22439,21565,1505,679,164,8269

1492500	29099,7473,12828,451,12512,6328,9802,20015,647,10710

7286500	22547,19974,834,16463,8637,8643,27912,29445,20661,9842

10713250	11196,21092,12512,21887,12285,16420,28603,23342,28410,4807

1525000	25402,11431,23662,16110,4949,647,15934,27791,28410,11679

10521000	13645,451,23628,4949,155,19015,7561,642,26618,19949

29750	11687,7868,16463,19021,6299,20228,16420,16110,18075,164

6654750	7473,21758,9802,12329,6328,20015,25570,7096,12758,27791

7269750	26523,3228,5081,6328,12165,17372,6255,13592,14417,11547

8757750	8943,9111,8533,20595,26523,10726,14048,11790,16110,27791

8666500	7868,23774,20846,8533,20595,4571,15799,12132,26394,27791

2386250	26288,5330,554,18024,16067,12165,599,26394,15164,20349

8633500	21899,23798,18555,451,420,4949,7473,23549,20015,18001

4844000	23798,12754,451,12512,21862,12285,647,679,17846,29099

4809750	12754,29099,6918,2099,21565,5429,4078,21334,23342,28410

4215750	8943,22547,155,29551,8643,1731,26523,22359,27791,679

764750	11176,18024,22034,23364,19126,5843,5099,27791,23284,23861

7687500	13645,19949,4571,22313,26763,25372,7561,29551,26618,679

10095000	24669,5848,23628,22359,7473,8689,20015,18353,12512,679

10840750	22547,12329,27625,26763,25372,23628,21334,29551,16463,9620

10818500	19416,7473,23662,451,22359,4949,20015,647,27791,26618

3861500	7473,4571,9549,8549,21995,7560,20015,14902,16110,27791

7810250	22319,26404,476,1591,19015,647,20661,18689,1788,642

650750	7868,12329,20228,19021,9193,25040,18026,23013,164,679

3734250	7868,4307,6328,17372,2570,16420,11150,637,23284,9657

4503500	7868,2099,20846,17455,17060,12132,8489,23662,3390,11790

4063000	8943,13645,12251,19949,1591,7561,25040,9834,26618,11679

5254500	7473,8313,23628,1694,20015,26699,14073,4571,5661,21840

745750	5848,22547,23628,4960,155,4571,20207,27487,18353,679

65500	13645,12647,19949,12251,26618,8643,7561,20300,4750,9842

448250	10970,13354,21683,15075,4324,679,14989,10908,15164,11431

12142750	1493,7473,15799,12512,11176,20015,647,28824,20300,18024

6458250	26288,21092,23628,8689,24929,24944,20388,10702,15164,679

6768000	4226,6104,21865,12512,15934,25360,17191,6193,5832,20228

1641000	12008,8842,20536,24944,3719,18805,4281,1803,6738,23928

3031750	12754,7473,451,16460,22359,20015,26699,26394,4750,10702

6874250	17846,12329,4960,19021,4571,12512,14989,26394,10710,21683

1446250	5848,28824,25883,26288,21565,18575,28603,17846,451,23779

11141500	22327,20846,26546,19021,8719,2826,12132,11790,15164,23623

1579250	22547,19949,21862,8643,26763,25040,679,29551,23342,9842

3326250	8240,9549,18024,18075,27135,16463,12977,27791,13799,4728

7797000	8943,28410,22439,21565,6904,25040,9834,27791,6077,4807

7323750	8943,21565,27791,4329,12271,11679,9834,20388,15164,23342

8799750	19416,8943,20207,22359,1591,7473,647,12512,27791,10710

9706000	21565,21092,4750,7868,647,8689,26618,27791,21840,4807

5898500	9290,12512,25079,19021,23628,679,28603,27791,164,20668

7034000	22547,554,16463,16460,11196,26763,8643,26679,29551,9842

1324500	24669,8693,5330,12165,11330,6255,27135,6393,18075,20349

4606000	3324,10584,24944,27791,21092,25040,11330,23342,164,21887

6003750	12754,22547,451,12512,26763,5799,5429,23779,29551,679

12027000	17846,5799,21840,28967,7868,8689,23623,24417,14318,6951

5957500	7560,451,12512,8549,155,647,12329,28752,27791,15164

5293250	11687,17641,6328,23628,164,155,26288,12394,16110,29099

2920750	24669,23798,12512,934,4571,9988,2899,17846,21840,647

3588500	22547,451,12512,9620,155,26523,23628,25570,11022,26618

6957500	29099,17846,12512,18832,12680,27487,20207,27791,16918,679

861750	17748,164,25079,5429,11857,20388,7105,23342,15164,20668

8792750	10847,22751,4887,155,27955,17191,23025,5074,27791,23342

2788750	13645,8943,451,12512,19949,20207,7561,12251,26618,12647

10774750	23798,22547,9620,4571,26288,5429,8643,16463,16110,679

8230750	4226,6104,451,15934,25360,15799,6193,7560,5832,647

10546500	17641,26900,29197,27044,201,15315,22240,3228,7105,27791

4680000	4078,12512,13799,1918,11330,21565,12977,23342,18075,4728

3215500	29099,9549,7473,12512,20228,22989,647,4329,26665,164

3404000	10847,22751,4887,11330,17191,29044,27955,5074,17451,23025

8523250	23798,5043,9620,155,4571,20661,16463,21334,25570,679

776750	5848,28824,12512,934,26288,4571,451,15934,2899,26618

6155250	15962,7762,24944,25079,22313,26270,25040,4411,5799,27791

5465250	26,1694,451,14073,22439,21565,20359,20300,8313,5661

1629250	22547,15645,57,19175,13888,17418,16075,3564,22421,23338

7545250	23798,7473,12512,20015,21565,26679,1731,8643,20661,9842

3226500	15962,12512,25079,155,11330,7762,12173,17327,18075,679

8730250	23798,7473,451,23628,10726,22359,20015,27791,26618,934

12384250	17191,22751,23475,4887,12165,10847,6255,5074,17451,23025

4620000	8943,11196,21862,155,15164,20388,9834,12271,23342,27791

7306250	26288,3324,21092,24944,18501,155,26523,5971,12512,4709

5264500	7473,24277,12512,10726,20015,647,12329,12758,16110,21840

3317500	7473,12512,16463,6741,26523,16460,23628,20015,4750,10702

8385000	8240,12512,20721,8628,17968,4329,28411,15858,25079,25883

7921500	15962,7762,26270,27785,155,12173,21565,27135,27791,23284

6458000	25372,21758,57,29551,26763,21392,24196,24601,5429,29225

2910750	9290,17641,6328,17647,20668,12165,17389,6255,16716,679

7445000	17748,25960,20228,11330,679,12271,12977,23342,13799,4728

2200750	8943,5848,23798,12512,22359,23628,25040,27791,26618,679

8430000	13773,17846,6918,21485,15320,25883,4949,3590,2198,27791

9079500	26288,5043,16463,25079,20015,7473,17060,25040,28410,6393

1699500	10570,29099,451,12512,8533,20595,23475,6467,14318,11790

11158000	19416,7473,451,20207,20015,647,25372,8643,18075,679

7699500	7473,28824,12512,10710,20015,647,23628,1731,17846,26618

8215250	19416,23475,934,22359,4571,15934,2899,4078,27791,25079

4547500	8943,17846,7473,11225,23628,27487,647,20015,22319,26618

418500	19126,11176,18024,16463,22034,9567,5843,5099,26618,23861

1710500	13645,5848,28824,12512,16463,22359,4571,7561,26618,19949

2331750	11687,7473,2099,23628,3482,19021,20015,12758,23829,4949

4189500	5848,23662,28824,14679,15233,15584,7868,23013,18843,21975

6683750	22547,18024,155,25079,26523,15315,20388,11330,23342,15164

4625750	22547,451,15584,18832,8643,12512,28824,10584,16918,28653

11558000	8240,17748,26270,25079,22439,21565,12271,11330,23342,15164

5735000	11225,22319,451,12512,1591,647,18024,27791,1788,18689

7787500	22126,9111,12512,25883,4329,9369,12271,6467,16463,21975

691500	57,26679,12251,19949,26763,7561,25372,29551,16463,12647

2756000	3151,8278,24669,500,1505,26665,26563,6467,4750,28653

9438000	11196,2099,1918,25960,16077,25249,6754,27458,23342,4807

1985250	20228,16463,27791,22439,21565,27135,11679,14318,15164,679

2808500	17641,6918,15164,12285,21565,26679,28641,21887,18075,679

8216500	29099,5848,23928,28824,164,16460,7473,28653,451,679

8845250	26288,23662,12512,14318,155,26523,18024,26618,18353,21840

5440750	26288,26394,18024,19021,11330,9657,599,23861,28603,20349

5078750	8943,17846,451,12512,16463,5094,4571,15423,14318,23284

3295250	17506,13450,451,22094,25079,6438,4329,17327,9563,23342

4186500	12754,6918,164,23284,12285,21565,1493,27791,15164,11679

6848000	19416,5848,23662,28824,22359,12285,647,7868,29099,11679

8528750	6754,22439,12977,15164,21092,21565,20388,7105,18075,11679

10654750	7868,12512,10014,26523,14318,11201,7105,27791,23284,4807

3524750	26,8313,14073,4949,1694,20359,20300,5661,599,21840

7976750	5848,15645,19175,23338,22547,17418,16075,4078,27791,13888

8861500	17748,23798,15075,6571,155,18555,11857,18001,15164,679

6172000	22313,3324,15799,12512,1583,8446,28769,8477,18361,6741

5751500	23798,23662,27487,23628,155,26523,647,4571,27791,679

4370750	26288,12512,15784,25079,12285,21565,24944,4807,164,28653

5256500	8693,949,164,12285,6255,25040,26394,27791,21840,6393

8327250	519,29203,15423,16460,5094,22843,22306,23251,24281,23284

3592750	8943,17846,451,9620,19021,15915,679,1481,27791,23623

5082500	6754,1918,5799,13799,21887,15935,12977,23342,18075,4728

9436000	27019,1257,20228,9111,6754,3406,12271,4078,23342,15164

980000	23798,22547,2099,11022,4571,14048,8643,15138,164,9842

11313000	19416,26288,451,12512,15784,21092,7473,25040,20015,4807

6996000	948,7473,18024,5336,6980,20015,599,23861,4329,20349

252500	12754,6918,12512,26434,9881,5791,20300,21121,16918,18024

7367000	12754,21092,18353,4571,27487,26523,28653,4807,23284,679

8910750	15962,7473,5995,11176,18024,25079,20015,1493,6592,25040

5780000	29099,22547,451,24944,16463,15784,27487,18353,26618,679

11772000	25402,18361,155,25079,1583,28769,1222,8477,14318,13394

3719250	22148,17846,155,25079,29290,5429,4571,21334,4807,27543

10057000	9290,15075,18024,20668,25079,25360,5429,25040,27791,23861

5239500	5848,13682,12512,155,22547,23628,28824,27458,28603,23342

7715000	20180,17846,5799,10710,1591,12285,12512,26699,16110,23779

6921750	18555,164,10584,18024,20721,8689,18075,4807,14318,19615

7149500	23928,29203,6328,17372,25040,11330,18905,14318,18075,20228

1181250	2655,26288,17372,6328,20484,22268,26679,28653,22280,4807

8248750	11196,21092,12329,15164,26679,20388,1918,23342,23284,27791

439000	7560,23662,12512,4949,8549,11939,10710,1788,26394,16110

8096750	29099,12754,451,12512,18832,12285,12977,26618,16918,23779

3350250	18950,7868,8220,18832,27,1003,9396,14318,16918,679

11391250	23284,451,12512,14318,11176,18024,1918,15138,164,23364

7361250	26605,647,24503,9620,155,4571,15935,19021,11022,476

9513250	11225,12512,10726,16460,26699,4750,1788,1591,18689,6741

5012750	15233,15584,16463,23013,647,15934,14679,5799,18843,26618

2940000	18361,1222,12512,8549,12285,7560,8477,26394,12758,13394

10831750	9549,26546,164,19021,18555,8643,18001,27791,18075,9842

2737250	23798,5971,23628,28985,18501,647,4709,24886,26618,28653

9586500	23798,19416,24669,23628,4750,22359,647,15584,16110,679

12377250	24944,12271,21092,23628,18741,12512,25040,4807,26618,10702

4712250	19416,9031,4808,12165,22359,7868,6255,3228,18075,934

5911250	20180,6299,11687,18024,16110,4949,1493,12758,25909,6393

7785250	25040,5799,8533,4571,26546,14048,27458,27791,18353,679

9807250	451,19379,21092,10726,420,647,8689,28824,14318,18075

1627000	8775,18361,554,8549,27334,1583,7560,8477,28410,679

4423500	11176,19126,155,22034,18024,5843,5099,23364,20425,23861

3781500	26288,23662,12512,5094,155,12285,15934,1731,4571,15423

11114000	25402,5995,17968,8628,11330,27044,15858,6592,4807,23342

2476250	1131,17846,5995,6592,4578,155,587,1493,2762,28410

11111500	8240,13645,19949,19015,647,7561,11330,28603,642,26618

11747250	23798,22547,12512,16460,1731,647,26763,25372,4807,29551

3549000	22547,15584,16540,15233,22313,14679,5429,23013,25040,18843

2138750	11225,22319,1591,4949,18689,1788,12453,27791,23284,11790

5354000	6299,11687,4709,26618,18501,25040,21840,16110,25909,28985

1047000	8240,25402,1902,16519,5799,11431,11029,11330,7868,28209

5742000	13494,7868,1902,16460,11029,20996,420,4807,16110,6467

9592500	5848,21092,12512,16463,4571,8689,28824,4807,21840,28653

6266000	26288,5995,451,6592,155,21092,15799,7868,554,17327

2428500	26394,19379,21092,18024,28985,11176,647,1918,451,28653

9488750	13888,9653,16075,14989,21683,22421,27458,28184,949,23338

4304250	5848,26563,28824,5799,155,26523,500,1505,4571,451

3001000	17641,7868,16663,11687,20207,6328,19021,17372,25099,23829

10642000	22547,451,16463,26523,26763,15934,25372,4571,27791,29551

2882750	7868,23662,451,18832,15915,27487,28824,4571,14048,16918

11535500	8943,7868,12828,11029,12285,25770,20388,9834,11201,164

5847500	11225,451,22319,26404,5799,21840,1591,20300,18689,1788

6872750	22547,22126,1788,9842,8643,25372,7105,27791,22889,15716

1110750	11687,11196,25099,3482,16663,8689,16420,23829,9834,23342

3590000	18950,27,8220,14318,1003,6904,9396,27791,6077,679

11947000	11225,21865,22319,26404,5799,155,8549,7560,1788,19394

7211250	7868,15584,11201,18024,25372,4078,21334,15138,26618,28411

12204750	7868,18075,14318,20207,23628,25040,15858,27791,23284,17968

1074500	12754,26288,451,26270,6328,587,12394,17372,7762,16396

9103250	11687,7868,23829,25099,3482,16077,16663,8689,27458,25249

4809000	8775,22989,18024,155,11330,6754,26288,20388,27458,26665

7703750	5848,7473,28824,23628,26288,647,18575,12977,15164,20015

6694750	8943,451,12512,155,26763,5791,28752,21121,29551,6951

1319000	5330,26270,16463,9567,26679,18180,28603,17327,26618,20349

232000	26605,24503,12512,6876,26679,21565,8689,25040,22439,27791

7588000	12754,8278,12512,28410,4571,20207,6951,18353,4750,679

4317250	8240,11196,2099,554,8943,420,25040,1918,9834,23342

8049000	17418,15645,451,57,16460,15799,28181,28824,19175,29225

11896000	19416,8278,23662,23628,22359,26699,647,15934,26618,29225

10018000	11687,3482,23829,25099,28985,11029,8689,11679,25770,20721

1832000	11687,6104,3228,28410,8549,4949,25360,7560,26394,16110

11687000	22148,7868,2891,13682,4163,15315,20388,15138,4307,4807

10513000	7868,16836,18024,16463,19015,8689,20388,1918,642,9972

4336750	8943,11196,18024,20228,6754,20388,9834,23342,25960,2826

4097500	20180,11687,28824,5848,25909,201,19015,12453,642,16110

4814750	11687,17506,9111,22094,164,155,26523,5429,13450,16110

1724250	19416,22547,451,57,26618,22359,647,15584,20300,21840

10297000	8693,21338,5330,17968,6328,17372,27135,15858,23861,20349

2076000	25402,19416,26394,5799,22359,4571,7473,12512,20015,9549

1074750	13645,26288,12512,19949,7561,12251,6951,12758,26618,23928

2874500	18075,451,12512,16463,19021,647,8689,25040,28270,14318

8353250	7561,22547,4571,28641,26288,25040,8643,27791,26618,9842

