216	144,12,168,179,127,9,69,174,173,172,
217	237,22,1,98,89,64,7,228,174,173,
214	153,194,56,50,1,132,238,474,423,483,
215	216,194,1,89,238,135,69,423,173,100,
212	357,56,50,1,98,238,9,100,174,173,
213	211,50,1,89,168,9,238,100,174,173,
210	202,204,210,50,89,238,135,127,100,496,
211	28,50,1,98,181,127,69,100,174,483,
165	56,50,1,98,181,64,135,168,100,173,
264	12,210,56,50,1,181,179,127,9,174,
265	25,15,276,313,405,121,258,181,7,222,
218	210,195,194,50,181,238,135,127,100,174,
219	204,56,50,1,181,127,69,100,173,286,
133	302,310,315,288,258,340,326,328,268,294,
132	318,173,1,98,181,64,9,238,174,237,
131	50,1,258,181,7,100,237,285,257,286,
130	12,210,56,50,222,405,127,174,173,172,
137	313,56,50,98,117,546,7,64,100,222,
136	25,7,50,1,181,111,276,100,285,14,
135	11,12,50,181,64,7,100,174,79,96,
134	690,288,300,272,245,313,258,181,340,286,
139	7,50,1,258,181,111,276,127,269,286,
138	168,50,98,181,238,127,69,100,174,483,
166	300,302,272,333,288,258,326,340,269,100,
24	318,423,56,50,1,181,168,100,174,172,
25	211,56,50,132,181,168,127,69,423,174,
26	25,258,257,117,64,7,9,100,237,294,
27	276,313,117,1,121,258,181,7,127,100,
20	64,121,56,1,132,168,69,100,483,79,
21	313,56,288,258,181,294,234,100,237,222,
22	204,168,56,98,64,69,195,173,172,79,
23	210,238,28,50,98,168,179,127,69,172,
160	12,56,50,1,98,181,64,7,174,173,
28	204,50,1,98,181,64,234,69,174,173,
29	272,98,313,302,50,288,258,127,269,294,
161	121,56,28,1,98,168,64,423,174,79,
289	64,258,50,1,405,181,546,7,111,100,
288	194,56,50,357,181,168,127,9,238,483,
4	313,302,333,288,272,326,340,269,294,286,
281	313,302,272,315,258,340,269,268,328,286,
8	210,56,50,1,98,89,64,69,172,79,
283	210,121,50,1,98,181,132,69,423,174,
163	313,302,310,315,245,288,340,294,328,286,
285	268,288,313,50,98,181,276,269,174,294,
284	288,300,328,313,258,340,326,269,294,286,
287	56,117,1,98,258,111,7,174,257,79,
286	12,56,28,50,1,98,238,69,100,79,
119	237,313,1,117,111,127,100,174,173,222,
258	690,313,302,310,315,288,272,340,269,268,
120	25,7,313,181,111,294,276,9,100,257,
121	15,117,98,258,181,64,7,9,174,79,
122	237,50,1,98,181,9,100,174,173,423,
123	603,211,194,56,50,357,168,127,174,79,
124	64,56,191,50,89,238,127,181,69,79,
125	204,28,50,98,238,69,100,174,173,423,
126	270,748,313,302,245,288,258,269,268,294,
127	288,313,302,1,300,181,127,100,174,269,
128	204,56,50,1,98,64,127,238,423,173,
129	313,303,272,315,270,288,258,326,269,294,
269	216,50,98,238,127,9,64,423,174,100,
268	202,22,28,98,181,238,7,69,64,237,
167	197,56,50,357,181,9,69,100,174,173,
118	11,237,204,50,1,181,127,69,174,173,
59	204,132,50,98,527,238,127,100,173,172,
58	204,211,483,28,50,89,64,194,69,173,
55	151,210,288,56,1,98,405,64,546,100,
54	313,300,50,257,121,258,294,237,269,286,
57	151,282,173,98,7,100,174,237,294,79,
56	168,56,1,98,181,64,69,174,172,79,
51	132,195,56,191,98,168,127,423,174,79,
50	313,302,475,258,7,127,269,237,294,286,
53	174,56,117,1,288,405,181,100,237,79,
52	15,50,1,181,276,127,9,174,257,79,
259	11,237,210,28,50,1,98,111,7,174,
298	64,56,28,98,181,238,69,100,173,496,
299	168,56,50,181,238,127,69,100,174,173,
296	302,56,98,527,64,474,238,174,173,197,
297	56,50,98,89,64,7,127,238,173,79,
294	25,742,300,127,288,7,475,9,282,222,
295	210,211,28,98,64,127,423,174,173,172,
292	237,56,191,89,135,127,9,100,174,173,
293	216,12,210,56,181,64,9,69,423,79,
290	204,210,132,56,50,172,98,100,173,423,
291	144,237,56,181,89,7,127,111,174,222,
164	288,313,50,1,300,117,181,7,294,237,
201	204,210,56,50,98,89,9,69,100,174,
199	121,50,288,258,181,111,276,294,237,286,
179	328,272,315,50,258,181,269,268,294,286,
200	210,56,50,121,181,64,168,100,174,173,
195	12,56,50,98,181,89,179,174,173,172,
194	216,210,132,56,1,98,181,64,127,237,
197	237,204,210,313,98,181,127,174,79,96,
178	216,22,210,121,28,98,181,89,234,655,
191	313,302,272,288,258,294,269,268,328,286,
190	300,50,1,117,181,405,294,282,257,286,
193	12,210,56,50,98,258,181,64,100,174,
192	313,405,117,1,258,181,276,237,257,286,
115	11,182,50,1,9,181,216,127,234,173,
114	238,191,50,1,181,64,127,69,174,173,
88	302,258,315,328,288,272,340,269,268,294,
89	121,56,258,98,117,127,9,174,285,79,
111	288,300,328,245,313,272,340,326,269,294,
110	11,210,50,1,98,181,423,174,172,79,
113	313,302,1,181,340,294,276,100,269,286,
112	748,300,302,303,316,270,288,326,340,286,
82	204,194,56,98,64,127,69,423,174,173,
83	28,117,1,98,405,181,168,100,173,257,
80	211,50,1,98,181,168,127,9,423,174,
81	313,258,50,117,181,7,294,282,257,286,
86	300,302,310,272,315,288,258,313,294,286,
87	210,168,238,28,1,98,64,69,173,79,
84	237,313,56,50,121,405,181,127,9,174,
85	216,133,211,56,1,98,89,127,655,97,
251	237,288,56,50,121,181,546,100,174,257,
198	11,12,22,28,97,9,100,174,172,79,
256	121,181,655,7,127,69,423,237,173,172,
206	271,313,302,245,288,258,340,328,294,286,
226	483,56,50,1,98,181,238,127,9,173,
257	276,302,50,1,258,137,7,127,9,100,
3	690,300,315,245,313,272,294,269,328,286,
177	1,195,56,182,89,234,69,100,237,79,
254	121,98,56,50,132,89,100,174,173,79,
7	210,28,1,181,89,127,168,423,174,79,
247	25,313,302,50,1,288,276,294,268,286,
273	300,302,303,333,288,258,326,294,269,328,
255	313,258,50,1,288,405,181,237,79,286,
300	313,50,333,1,748,258,405,326,269,286,
271	204,211,197,56,50,1,132,64,423,483,
225	211,134,56,50,357,181,127,9,100,174,
245	313,50,1,121,117,181,64,405,100,294,
244	89,238,172,98,181,168,127,69,100,423,
108	313,300,50,288,258,181,111,276,100,237,
109	204,423,1,132,89,127,69,100,237,172,
241	313,302,258,333,328,272,340,315,269,294,
240	313,310,300,315,288,258,333,294,268,328,
243	56,50,181,238,127,9,69,100,174,173,
242	276,50,288,258,181,7,100,237,269,286,
102	195,50,98,181,89,69,100,173,423,79,
103	25,50,1,121,125,7,127,100,174,79,
100	313,301,302,303,316,333,245,288,340,268,
101	237,15,313,50,121,405,64,100,282,294,
106	237,527,50,1,98,181,111,127,69,174,
107	271,300,302,333,748,258,340,326,269,294,
104	300,315,1,288,117,7,475,269,282,100,
105	300,310,272,333,258,315,294,268,328,286,
39	300,304,333,245,258,340,315,326,268,286,
38	95,56,50,98,181,64,100,174,173,172,
33	272,313,50,333,258,326,315,269,328,286,
32	25,117,257,1,258,276,127,100,237,294,
31	272,300,302,50,258,181,127,269,285,286,
30	12,300,1,181,64,127,100,294,269,286,
37	11,144,12,56,1,117,181,64,100,79,
36	748,300,302,313,258,7,294,268,269,286,
35	690,313,302,245,288,272,340,269,294,286,
34	300,301,302,50,313,258,100,237,269,286,
246	22,1,98,89,168,127,64,100,655,79,
282	313,302,303,272,288,258,294,269,328,286,
252	313,50,181,111,275,127,9,137,100,237,
205	313,302,310,272,333,288,258,340,326,269,
223	300,50,1,258,181,111,100,237,294,79,
176	313,300,302,50,1,288,258,276,100,269,
60	216,132,194,56,28,1,98,527,238,127,
61	690,313,302,315,288,272,326,340,328,286,
62	89,318,28,132,181,168,179,100,173,423,
63	313,50,288,111,275,7,127,9,100,237,
64	216,204,238,56,1,181,64,69,100,173,
65	216,318,56,181,79,127,100,174,173,97,
66	25,313,258,1,288,117,181,7,100,79,
67	50,1,121,405,181,111,7,64,100,237,
68	269,313,50,1,405,7,15,100,237,257,
69	11,313,258,1,405,64,127,111,100,257,
175	210,56,1,181,168,135,127,69,174,79,
174	216,22,56,28,181,64,423,174,173,79,
173	313,300,315,288,272,340,333,328,294,286,
172	204,56,50,98,137,134,9,186,100,174,
171	300,301,302,333,307,245,313,294,268,328,
170	313,301,302,315,245,748,333,269,328,286,
203	313,50,1,121,117,181,111,7,282,286,
222	144,204,210,22,1,127,69,173,172,97,
181	25,313,258,50,1,288,405,181,7,257,
253	50,98,181,64,127,69,174,173,172,79,
248	318,210,56,181,168,127,100,174,173,423,
182	25,237,117,258,318,7,127,100,174,79,
183	22,56,28,98,405,89,174,173,172,79,
180	210,56,50,1,64,69,100,174,173,423,
2	313,50,333,121,181,340,7,475,9,257,
162	258,56,50,98,117,181,168,100,174,172,
187	98,211,56,50,357,132,181,238,100,174,
184	204,98,181,168,9,69,100,174,173,423,
6	204,603,211,56,181,238,179,69,100,483,
220	313,302,315,245,288,272,326,100,328,286,
186	237,300,50,1,313,117,181,64,100,174,
188	56,1,98,181,168,127,9,69,423,173,
189	173,194,56,1,168,127,69,100,174,483,
202	98,56,50,132,181,168,127,69,174,173,
196	50,258,181,111,7,127,9,100,174,222,
221	11,22,1,98,89,69,100,237,173,172,
185	357,174,313,475,1,137,127,100,237,222,
99	56,50,258,181,111,7,100,237,257,79,
98	216,204,56,50,98,181,9,100,174,483,
168	25,237,258,50,117,111,127,100,282,257,
169	527,1,98,180,181,474,9,69,174,286,
229	313,302,310,346,315,258,326,340,328,286,
228	302,475,50,258,181,127,9,269,268,100,
91	435,194,1,181,168,64,423,174,173,100,
90	1,204,483,50,357,98,181,168,238,173,
93	25,15,313,50,117,181,111,7,405,100,
92	28,98,89,238,127,181,423,173,172,79,
95	204,56,1,132,181,69,100,174,173,172,
94	216,12,28,50,1,89,64,100,174,79,
97	210,56,28,50,98,181,168,238,174,79,
96	173,50,357,168,69,64,100,483,172,79,
11	202,204,50,1,132,181,127,9,100,174,
10	204,173,194,56,98,168,474,127,100,483,
13	11,210,56,98,181,238,185,100,173,423,
12	89,56,50,1,132,181,64,100,173,423,
15	276,313,117,1,288,405,7,127,100,294,
14	204,211,56,50,1,98,181,69,100,174,
17	25,15,313,50,1,288,258,181,405,237,
16	211,56,28,50,181,168,9,69,174,173,
19	98,300,302,56,313,258,181,9,100,286,
18	527,194,483,1,181,655,69,423,173,97,
117	56,50,1,98,405,181,64,100,174,79,
250	11,56,1,64,7,127,174,173,172,79,
116	751,313,316,1,271,347,7,294,237,286,
274	50,1,121,117,181,111,405,64,174,79,
204	313,302,310,272,258,326,340,294,328,286,
275	204,64,56,28,89,168,69,100,173,172,
151	89,197,191,357,527,64,179,127,100,237,
150	302,127,50,1,181,7,475,100,237,286,
153	210,288,300,121,1,98,7,127,100,174,
152	204,56,28,50,1,98,9,100,174,79,
155	313,301,303,272,328,258,340,269,294,286,
154	56,50,357,98,181,168,135,127,100,173,
157	288,300,1,121,405,181,7,9,294,237,
156	318,194,197,56,50,98,64,127,174,483,
159	237,300,50,1,313,117,181,100,282,257,
158	12,50,1,98,405,64,127,69,172,79,
277	15,313,288,117,181,127,9,294,282,257,
234	179,132,194,50,1,98,168,135,423,483,
238	25,313,50,117,1,288,258,181,111,7,
239	216,603,211,194,56,357,98,168,127,173,
279	202,50,1,98,89,168,127,174,173,79,
207	89,28,50,1,98,181,168,100,174,79,
235	132,238,56,98,168,135,127,64,174,173,
236	357,204,22,168,1,89,238,69,527,173,
237	318,527,211,56,50,98,181,168,69,100,
230	89,210,50,9,181,238,127,234,173,172,
231	25,405,121,258,181,111,7,100,237,294,
232	237,191,1,98,181,168,185,9,174,483,
233	132,56,357,98,181,238,69,423,174,173,
224	56,50,1,98,181,9,69,100,174,173,
280	210,238,28,50,1,181,64,69,100,655,
48	603,197,50,1,181,135,127,9,69,174,
49	204,210,56,1,238,100,237,173,172,79,
46	313,302,272,288,258,326,340,294,237,269,
47	300,302,315,245,313,272,326,340,294,268,
44	204,210,191,56,28,168,127,238,174,79,
45	25,15,258,117,1,405,546,125,100,237,
42	56,28,98,89,238,9,69,423,100,79,
43	210,56,50,1,181,238,64,423,237,173,
40	690,313,303,315,288,258,326,340,294,268,
41	132,211,1,98,181,89,127,69,423,174,
1	12,210,56,1,98,64,69,100,174,423,
5	98,56,28,1,132,89,69,100,173,79,
9	237,1,258,181,64,127,9,69,100,174,
272	216,1,357,132,181,168,135,127,100,173,
146	690,288,300,302,303,333,313,346,326,268,
147	300,272,315,245,288,258,326,269,268,294,
144	204,211,50,181,238,185,64,237,483,79,
145	237,56,28,50,1,288,7,100,174,79,
142	313,300,50,1,288,258,181,127,100,286,
143	300,301,302,310,50,245,340,269,268,328,
140	300,301,272,315,313,258,326,333,269,100,
141	258,405,50,1,288,117,111,9,546,237,
209	313,50,288,258,111,7,475,100,237,269,
208	173,28,50,88,181,168,69,423,174,483,
148	204,195,28,1,98,100,423,483,172,97,
149	690,301,310,316,315,307,270,288,269,294,
77	64,194,50,181,238,135,69,168,423,174,
76	12,185,50,98,89,127,181,100,174,173,
75	591,313,300,50,121,181,7,100,237,257,
74	50,333,288,272,181,326,269,237,100,286,
73	603,56,50,357,98,181,127,100,174,173,
72	168,28,357,181,238,127,64,100,173,423,
71	173,56,50,1,135,127,9,237,483,194,
70	210,22,56,50,98,89,64,69,423,100,
278	300,50,272,181,340,100,326,269,268,294,
79	313,302,50,300,181,127,269,237,100,286,
78	300,50,1,313,258,405,7,100,269,286,
263	64,211,56,89,168,127,69,423,483,172,
249	11,151,98,168,79,127,100,174,172,97,
262	237,28,50,98,168,97,238,174,173,79,
227	282,7,302,50,1,117,181,111,276,237,
261	313,302,303,272,333,328,258,269,294,286,
270	11,237,210,1,98,181,64,100,174,173,
260	300,302,315,313,272,340,326,269,294,286,
276	11,204,210,238,56,181,64,127,234,69,
267	204,22,50,1,238,168,423,173,172,79,
266	313,302,475,50,1,288,258,181,127,269,
