931434
7306339
7300733
1100651
297430
1057968
1741234
2067176
707672
274606
292394
309877
391043
453793
1055835
492246
601360
620023
906802
907397
1007797
2067170
209442
2121730
216206
226444
253833
274172
580824
582858
650924
7274415
7277793
7280177
7302437
844889
1039139
1243712
2076242
2121739
247939
279134
280628
7298998
7312521
7320398
7333668
7344840
7323008
1060099
1066884
1181294
1262598
313292
7326999
10418534
1468047
2554423
562942
8033930
1005796
1015285
1016111
1027722
1027779
1027846
1028114
1028610
10352243
289943
1054908
1059734
1067296
1069535
1083425
1087908
1091818
1119275
1125089
1125203
1130372
1131595
1142059
1143378
1145695
1157396
1166361
1168166
1174927
1215155
1231688
1235953
1246091
1247792
1251935
1262455
1273485
1305357
13385250
1389191
1391756
1396886
1412492
1522382
1674608
1680667
844558
204981
2053460
206374
2067075
2067077
2067101
2067172
2067174
2067178
206818
2071899
2076220
2076234
208023
208620
2086250
2086253
209117
2111431
2111490
2111494
2111498
2111502
2111504
2111506
2111509
211255
2117324
2123392
2128150
2131404
2131578
215836
216065
216228
217821
218966
224251
225652
227788
229252
230666
231797
232885
233501
234070
240029
241822
243973
244434
249463
253428
259302
259544
260017
261031
262780
262872
263068
264660
264961
266983
268808
269242
269345
269871
271333
274554
274571
274710
278652
281749
282643
284231
285951
286968
288361
288458
291819
296941
298237
300108
300680
302723
304388
304485
306194
307150
307537
308224
309125
312827
314809
323244
323937
341864
371335
371467
385218
446949
448993
449146
451013
451257
454153
454301
458313
466036
468937
469079
475247
475412
481409
540439
540977
541044
552643
581113
594777
599341
600880
601342
601710
603001
603503
617961
619936
619981
621650
624022
625405
627556
632007
633856
649793
650580
654400
654964
657734
667771
672533
672925
677725
679063
679584
688270
692938
711138
711674
725708
726409
7274370
7274374
7274553
7274555
7274559
7274561
7274563
7274565
7274569
7274571
7274574
7274583
7274585
7274589
7274591
7274603
7276208
7276216
7276336
7276338
7276345
7276349
7277825
7277837
7279115
7280179
7280183
7280185
7280218
7280224
7297132
7297137
7297141
7297143
7299487
7300724
7300729
7300731
7300735
7301170
7301177
7301179
730194
7302440
7302444
7306475
7311214
7311224
7312517
7312519
7312527
7317587
7319686
7321659
7321885
7322387
7322564
7323006
7323015
7323023
7323026
7323239
7327166
7328035
7329389
7330614
7330691
7331626
7335602
7335604
7335607
7335611
7337169
7339888
7344324
7344953
7346676
7347464
7350033
735189
735542
753793
753814
777847
793087
794373
794424
795092
795581
799656
804452
825667
825966
841908
843328
843372
843475
843525
843694
843835
850507
852271
863946
867275
888941
906947
927614
931861
946054
950649
952293
952489
962207
988987
1057541
1105238
1128053
1250398
1250574
299800
2049968
2081600
213508
295363
606117
790532
935077
931064
404400
10455754
1992842
8572206
14824603
1056889
1030373
1058469
1533418
1989024
2069295
218394
222509
254515
255754
259028
288635
448152
472686
485433
526261
545124
5911055
758021
763788
885704
914149
2043287
280835
686675
7274581
7274595
7274597
7321848
7327272
7327278
7343982
769334
796102
843621
905366
910196
914759
10225530
1332419
10217943
10218337
1052509
2191110
10291361
1030064
1227035
1275208
204475
2066511
2104736
2126456
2158779
233257
235517
242688
246881
266711
282372
306301
331355
394437
624902
628952
662699
663325
752253
814863
935585
598159
10089388
10093767
10222387
10420343
12514862
12514863
13805399
2573783
2842864
7506131
7550742
7560440
7655133
7749371
8127136
8139551
8310959
8322580
8537815
8891239
2595003
7450728
8398833
8576978
2127076
10218964
12343665
7427564
1674094
1109469
1118443
1138418
1162340
1194914
1213229
1400491
1530157
1568030
1631731
1663384
1988621
2061911
2075849
2081308
2096636
209692
287962
2110969
2125950
2126466
2128413
215011
221971
223054
228694
233381
235357
235846
236002
238213
239631
246711
247691
236859
259779
268890
270227
274898
275411
278545
281136
283954
288088
290953
304939
305811
307661
311590
323978
376309
399502
477452
515253
590832
598901
611177
613552
628640
662297
663305
702671
706386
2078230
756437
7887758
8036129
868458
966991
974084
13673608
1021498
10217916
10220918
10222386
10263277
10263280
10263283
10297812
10323269
10440311
1052292
1052530
10538914
10558536
10707740
10736178
1172919
1204219
1205691
1301850
1367009
13964461
14824486
14824578
14858650
14952935
1495310
14971069
1497718
1653017
1803947
2148017
2177767
2191097
2191248
10220166
2682473
2745620
2861903
388392
7386605
7391555
7574147
7651493
7926513
7932844
7964651
8009548
8796867
13692984
610401
2005101
10281612
1041611
1047372
10505074
1104683
1069602
1074820
1093005
1153479
1165156
1217881
1290298
1430291
1610812
1670317
1690289
1828641
1985182
204291
2061143
2070112
208051
2087861
2087879
2099045
211381
2117319
2191057
220684
220859
223637
223700
227875
228209
233885
234854
2366979
237007
238450
240307
245134
2464310
249343
253965
255903
257785
266446
270921
273898
279648
284188
286734
287376
304068
306479
307116
337632
465170
479349
511104
514454
514726
514840
521523
622971
629993
676243
682736
759810
766746
789632
791192
799584
800623
806757
8119812
823457
830582
8520681
921737
936531
9641505
989859
1136771
2000595
10054150
10060848
10112173
10212779
10214264
10227098
10236363
10236374
10240949
10247352
10283672
10291860
10297816
10331635
10484654
10558494
10561670
10562309
10707788
11108300
11277182
1199199
12950390
13693128
13704373
13805404
13805407
13853247
13892307
1535289
2177336
2573631
2613926
2619919
2656285
2674924
2675453
2676813
2679118
2679124
2679865
2680781
2782276
2782324
2782400
2842094
2941737
3457571
3482699
373194
388242
413284
610425
610707
721093
7293824
7347453
7377821
7389312
7423299
746808
7490514
7509625
7512627
7534013
7536256
7550316
7550741
7550832
7551189
7552442
7554156
7572306
7572342
7651790
7652832
7658744
7899593
7912429
7927522
7991635
7991776
8058150
8173899
8201186
8530818
8537752
8562574
8571238
8575681
8750863
8759632
8778293
8814089
8823793
8941186
9140203
9688233
9864893
10026904
10043851
10050737
10057822
10058837
10064497
10071620
10073350
10094347
10095335
10103655
10104110
10105177
10112112
1012573
1014951
10174839
10174849
1020300
10212824
1021302
10214027
10214067
10214273
10214274
10214508
10214510
10214899
10215974
10217666
10218782
10220746
10220840
10222389
10222392
10223400
10224600
10224650
10224653
10224655
10225205
10225349
1022537
10226406
10226518
10226550
10226582
10226766
10226836
10236316
10237112
10237116
10237118
10237124
10237126
10241247
10241248
10241251
10241252
10241255
10241256
10247215
10247607
10251071
10255189
10257844
10259438
10259908
10261643
10263285
10267817
10267821
10272220
10272221
10272230
10272372
10272378
10272381
10272382
10272385
10272386
10272443
10272472
10277274
10280376
10289199
10290122
10290123
10291853
10291861
10291863
10291865
10291866
10291871
10291872
10297791
10297905
10300293
10302236
10302240
10302248
10302250
10306526
1030879
10311540
10315287
10315809
10315813
10322510
10323273
10323278
10323282
10325066
10331625
10331632
10336931
10336936
10344770
10348292
10348302
10348951
10348954
10358259
10359268
10418210
10418214
10418223
10418289
10418528
10440338
10470709
10470715
10470716
10474825
10484558
10484652
10486211
1050215
1051957
1052404
1052552
1052782
10528830
10529012
10539409
10559469
10559471
10559473
10559475
10559481
10559878
10559881
10559885
10559974
10559977
10561782
10561912
10561937
10561939
10562313
10562881
10594776
10707731
10707761
10707769
10709798
10709802
10737081
10737107
1082712
1082988
1084825
1085372
11138963
1114088
1119575
1120335
1123240
1123412
11276571
11276698
11276824
11277113
11277114
11277307
11280670
11282027
11282711
11286190
11289176
11300837
1143035
1144270
1145666
1151044
1151555
1151595
1155712
1167502
1167611
1172252
1175442
1176152
