5830696
1043292
10494525
23864033
2069838
877578
602998
2071456
704234
921900
1481912
5890993
2062362
1089727
1754936
13840432
10509856
263494
7319923
1989524
266069
976343
1000860
1271701
595456
236497
244677
277161
306233
309877
492246
2498009
223404
307842
10405795
253063
518681
1076009
7339299
867275
1002961
1005419
1271193
1487492
1973061
2054460
208674
215091
222940
224075
244723
248485
272545
285869
291728
292006
295494
308877
310326
547368
593618
624483
626248
665216
727359
7280557
7280563
7319921
7339153
790142
996738
223143
1822571
1129984
1028646
1241435
12310335
2498005
7282197
1205440
609068
926776
2754573
1066383
1010926
1271627
1357968
1458703
1973068
2044871
206132
2082826
208301
2111993
2112014
219356
224639
225406
226684
244341
247539
259715
260104
272636
279004
279134
309740
339895
398659
546913
5568633
5568639
606885
626385
699994
711594
7277052
7288562
7319914
847851
882692
885050
913503
953307
404400
2121739
2498007
7288694
259396
1009116
305569
206366
217118
874769
310068
1110259
262622
267649
302784
13702763
1010938
1037832
1044213
1048457
1063786
1078705
1134115
1149126
1152539
1069224
1123022
1163862
1168166
1240662
1245058
1272888
1287247
1392514
1397533
1431485
1487455
1329239
1555738
1600905
1625708
1668130
1786078
1973059
1973070
2044195
2044620
2044624
204645
2046736
2046738
2046740
2046746
2046748
2047070
2047082
2047084
2054228
2076482
2112004
2112016
2112605
2112611
2112639
2117945
2127374
222581
225274
225445
229427
230636
232707
239238
242937
245206
246677
2488548
250851
254790
255263
255551
257436
259061
262001
265657
267406
268506
269964
270947
271314
279419
280544
286210
288675
294171
296750
300315
302254
303402
305057
308575
310091
310796
338693
339744
382195
405962
430248
468043
479094
481487
489564
498124
498290
501544
540273
540356
540439
541044
541625
548246
5568647
5568649
5568658
557491
591725
601203
603679
606244
612880
637931
639399
640033
641745
655043
678113
686845
693655
717154
7275262
7275268
7275270
7276648
7276652
7276847
7277963
7277973
7278052
7278633
7279634
7280555
7280559
7288460
7288485
7288514
7288534
7288537
7288560
7300116
7300118
7300120
7300126
7302035
7304875
7304947
7307351
7307359
7313038
7318537
7319906
732612
7331399
7331462
7332385
7332532
7335098
7335812
7339294
7339301
7347464
7347556
7348702
7350033
7350483
7352577
7353417
7353766
751126
764618
792168
803836
803866
805405
816840
821691
842236
846037
846279
846391
880983
885391
885709
924430
934035
935141
943450
944371
968969
971825
995262
14001623
7355662
7490434
7501520
790543
7353284
10409748
235758
627557
1661362
207847
5723829
1629984
2123396
351526
351720
10309274
13385905
13583932
13677469
13841695
14860402
14860598
1512179
2073728
9058353
9058529
1347620
9139492
7999281
8181351
10223292
10336224
10418647
10559814
13891767
13970694
14891018
15027252
2656366
2666505
2710731
2782448
2946683
429881
6747743
7681944
7956589
8207461
8803202
9665378
1332419
769377
598219
211505
438598
7279834
1134705
10386718
10386719
10386720
10386724
10736312
10736316
1341432
2073719
2073732
277775
477424
1575873
205792
252832
354387
414915
1329512
293153
233076
10050737
10241066
10336228
2617094
10457542
13704110
13891761
2754514
2782616
2813941
7294448
7349876
7910823
8025339
8181556
8538536
8751383
8757997
8778688
9003017
1011142
1017566
1036660
1054496
1078678
1079594
1103753
1137385
1147070
1149563
1191265
1263058
1458957
1686649
2070928
207870
2116702
219957
245164
274085
318501
320296
354668
392535
697897
890663
296240
2834464
439004
1332939
330840
1430563
1009122
526046
324841
10365866
1001402
1485283
2654600
209483
10336880
10474289
10559786
11282427
2227902
2915140
9371999
466058
260092
598161
1071644
1168244
1180338
1302451
1332809
1420179
1430586
1474186
1490537
1668096
1987991
205272
205731
206592
207030
2113232
2116700
2116721
215265
218394
227595
233212
242020
247696
264374
264639
270910
285454
289933
290777
308496
308831
309769
309771
321797
324678
334014
334180
3451498
3451513
353261
392372
467875
474030
537345
621851
623748
699955
718133
804428
844042
846349
968898
1995315
5955190
10455754
292875
291103
223901
10559909
639512
10370429
10434034
1052509
10736155
1210429
1485253
2191110
288436
526083
10323269
10736140
10736141
1269206
1495310
2191067
2203321
2861903
696181
287008
1490314
889473
10112173
10223192
10223509
10226802
10229018
10236295
10241067
10259415
10315813
10440829
1045113
10457541
10559779
10559797
10707731
11302404
1144532
1154593
12512409
12512454
13673818
13703364
13891764
13952445
13952447
1467993
14892088
1610138
1664354
1692074
1714626
2573598
2573671
2573743
2573757
2573885
2578467
2594985
2609623
2629279
2647636
2656738
2666529
2666555
2680892
2701259
2725267
2782632
2782635
2941103
329596
3463623
3467146
3467151
3467152
3477028
383286
418148
429803
468090
7350724
7357573
7421458
7424885
7446169
7450848
7521802
7563685
7674213
7676026
7814912
7907155
7909892
7927559
7956724
8042462
8042903
8105480
8165008
8165026
8216508
825178
8324477
8468187
8538692
8719662
8740934
8747963
8750022
8776156
8960653
9370291
9414155
9664398
222678
972128
217238
1056774
1072080
1081586
1177268
1221120
1243198
1257508
1268119
1308432
1329365
1490504
1526598
1775483
1775536
1972890
1986914
1987145
207108
2116717
2127380
213411
218087
218747
228016
230756
233822
236024
238022
250442
251612
258912
260166
260474
264583
265620
266076
278512
280777
288754
294463
302651
325908
330807
3451500
3451532
3458687
414810
421683
458998
483615
536014
5722882
606276
662699
696642
696700
712948
715872
768939
801741
813188
816477
820430
846012
875837
882106
889494
920304
928512
935923
957348
975644
920557
10277274
10480181
13692984
7904861
8181558
8181567
414846
1618397
279182
1344903
537383
314302
1251953
283246
298110
623892
1056889
10315816
10365868
10434230
12343674
12343712
1634468
2164148
2191069
487172
528771
7427564
1416695
750981
914149
1013356
10217666
10258260
10280376
10325066
10421133
10421134
10440442
10470710
10559874
1114088
1117896
11279389
11279869
1142482
1146430
1155712
1166142
1177035
1196997
12419523
12512406
12512446
1332436
1332454
1332474
1342782
13702777
13733388
1477898
14892028
1490181
14952924
14972244
14972246
1509327
1533229
1583041
2191497
2199814
2600895
2639324
2639363
2665340
2667431
2708463
2710965
2717555
2753450
2787622
2813577
2854647
2863992
3468826
3491171
3491176
373019
388450
454271
7293711
7453128
7489369
7502812
7572250
7654722
7867752
8035138
8042915
8117287
8119675
8524435
8765307
9073402
9148052
9156186
259972
1312310
2118333
889343
2113243
10554229
298247
2118342
238716
238746
256691
275919
330781
359115
769003
882066
1002546
1014919
1017470
1027498
1033674
1037121
1037224
1037271
1037402
1037756
1039592
1040229
1056735
1059390
1060823
1067334
1069691
1069907
1071111
1071885
1076365
1086129
1090685
1101977
1109027
1117305
1137413
1149590
1158591
1168265
1200742
1221050
1223522
1268205
1268254
1268271
1329298
1329665
1486203
1521946
1556089
1566215
1587630
1681957
1782267
1942429
2017595
206080
2070793
2070795
2071026
2080944
2080946
2093811
2093813
2093828
2111987
2114260
2114266
2114287
2114289
211536
2116712
2116729
212202
2127370
2127386
2127390
216647
217771
218579
218615
220250
221507
225664
225912
228760
229343
230645
230774
232121
233927
237654
237950
238352
240083
240761
240937
243861
247021
247207
247487
248283
249325
250078
250715
253569
254271
254342
256147
256654
257541
260933
261612
262393
262565
264337
264577
264880
264970
265358
266299
266491
267751
269254
269661
269760
270010
271039
272492
273459
276100
276890
278416
279218
279295
279815
279943
280405
282001
282104
282681
283153
283600
284905
285088
285228
286736
286761
286955
287557
287834
288096
290543
291986
