2498024
226208
5954909
13844864
943306
961297
13556491
6169829
721755
5949761
14940115
10419800
16542837
8460569
14940253
7280635
27854928
12753599
13746490
271352
33950878
14740436
560832
283058
228081
14887473
306001
962004
2085820
15423795
9513644
14941665
9529842
16358729
2498009
252352
12273726
10366368
7282467
13665127
2085803
2498005
2085814
13058648
2085809
13908500
8648812
14953540
14845631
440262
14944729
13756920
13870764
10405795
8828223
13586936
14845471
286087
2494973
33446707
12949082
13758614
2129009
13750981
962123
12313535
538983
14904142
27867080
12313531
1615853
2494853
268885
10404950
730117
11276181
442474
14973085
218698
14944742
265046
2498001
10545598
230172
2496522
10354903
309610
13801129
33929261
612148
10541359
11271039
14944834
5838146
13890316
12316368
14940078
13930987
10355092
13993871
14866251
14002512
14913595
13734497
769377
7472339
1337314
7472391
598219
961188
235725
1103753
8595804
211505
13906477
1490537
10513647
14886969
7471963
5738289
1766109
7471919
1001402
7472411
242926
12310378
264893
1471944
5947208
1472890
7471842
442385
7472329
330840
14900942
615750
548696
8922737
462405
13859395
12308850
2084651
5562249
2498007
7386676
12316338
13911702
16580820
7678710
13741181
1235049
641179
2498003
468854
12394638
772775
512264
14941559
2082826
8289512
694738
14919220
7471894
466624
2583790
280675
5741243
4709300
237474
16564582
8596155
18083860
10288248
2085811
13744044
469305
12354243
7384448
10415990
13947851
1024227
9530025
2494983
1479968
14859210
27845472
626104
10491308
285036
2583891
14965207
30992804
14940071
13910678
579692
13588360
10541364
13622425
6169833
15432370
14956901
1234692
249355
20719816
13947669
13744039
676791
943125
16542924
7164420
420709
12313533
1970062
14924142
12316329
8596291
258091
227711
10541366
12316375
13908303
10541357
13908849
5838751
289825
13794093
13910684
16543063
291406
15314573
8833707
962193
13875714
7323356
13588375
14965225
730280
9308639
12378356
13068395
2498017
613407
14733899
13864593
10389522
7282466
1351507
12320149
13617124
7945296
5740516
14863311
13801090
27845551
1615816
297322
5838253
231759
11276450
469651
6172936
286787
420645
528899
683752
7318537
469443
2498013
12316320
12324726
7281884
9529520
241443
13801103
7282469
1751446
375564
13864369
13801112
5740522
2129010
440391
2825880
442561
13588364
5740543
16563743
14944749
14931014
14886996
14913611
469521
12316301
2494362
281037
13908343
12313541
15417377
225776
7278090
5740532
16543003
16543013
15266042
717643
1240317
16563899
14956925
13801096
13875707
8821824
773098
13677503
2498015
2494847
629516
7305455
10653950
414386
267432
14900912
14913628
8526571
13622429
452510
7326277
12316282
2494961
8290195
12316315
8851972
7282463
2498019
5947237
1751463
13875728
419407
14902292
9530162
265300
887143
31930765
213507
12354440
215352
16563667
7282470
13588350
338474
12316306
14886976
266269
13801123
12316278
7307326
12316296
7281880
10243984
13864377
8851629
12354478
2494965
16564528
9308757
1405316
13908355
272607
15417460
9532384
229349
27845903
255705
12323616
9309194
7282409
9308844
16564183
7135510
16564453
15026096
7282471
8851826
7282465
9309367
8851788
16564233
16564490
225754
12354459
15266019
13875720
259869
1395672
419322
8851735
6440697
280704
8852031
1255268
13914276
5740503
10512739
14940099
5440927
252754
8858205
420655
7282464
7304388
420672
5589076
13801117
7304390
1970051
12354349
1439428
2494849
7272588
1234924
7304751
9184600
259294
19654368
7304389
9529235
8818761
8865385
14741124
8835389
420607
264068
280481
419339
9529645
13914300
683956
9261262
8428471
474653
274260
12316292
13908348
391863
5845110
12271475
7308899
7304120
11020055
9502441
13068435
8885639
7282472
8842152
242271
7304815
12271530
2129017
5833142
250689
12316311
9531110
773261
8851920
303665
9261017
7282257
9261266
9261265
303408
419348
14913621
257977
302857
12279355
8609143
257847
13881914
7178521
12279377
9261128
440375
5845171
9308938
7993192
8050718
406630
2148008
7926561
7988471
12309113
7413502
1505970
8127205
10434064
8024750
10434127
1210429
8335277
1034580
10420954
1069506
2147963
5554410
2147957
10092232
264639
7550209
2092598
7678718
14944842
2148017
2191514
1664506
273993
260092
305927
11059746
1339272
2092617
537345
3450487
253569
262561
537383
13058650
1350152
13900807
254271
9358114
10046825
14919199
2191059
292695
7164869
14889993
7580362
1221014
14860144
14890017
285088
1656972
343390
7384457
598161
615396
1490216
266102
14888410
590489
7384461
12273606
421531
10291861
5849347
1033674
6178157
517206
8579839
8769365
12316357
13058641
13058730
283773
1332419
989554
14942492
3470785
8770724
1282016
247040
10084717
2494474
285172
2214421
630071
7888666
12273596
12277146
5554429
326585
615736
2647326
2816618
620517
615784
8575945
1347319
1615837
5554405
1192266
302070
1339304
1483039
7678677
2083537
5740506
10041280
14885771
249325
3461323
709487
2178478
5849321
1307049
343293
269766
3477442
7453128
2573731
443213
1198369
10737155
2214410
430050
1181175
590602
1832735
7502812
13692092
1341047
380707
7148031
1313944
8119994
604313
8020754
7509251
2699220
7294618
8031052
7549643
8321638
10707760
8031050
2965825
2617146
10539160
13058763
10315804
230756
663379
8042856
2191248
2757108
1045471
2203454
10311554
2782800
7993201
2941472
14861160
8870017
8787159
7896524
7539127
1338071
8887238
924532
579763
7659735
7390222
8321596
7552411
8017830
7539133
7570250
7659749
2595966
542015
12320148
2757628
10289201
8340707
1195465
228993
8061465
12433897
8273202
10558243
2905934
10736178
2655449
8398052
383220
1196386
2940917
238853
13981578
12322279
1757002
7906073
14921721
1590452
9923699
1255371
5554418
667232
7999281
10219662
1487116
10249040
7293989
3481212
7293907
8057825
7909246
8785623
10305476
298761
8453751
7349651
10102237
7496146
1584557
2214424
9087822
2782814
2214432
8008663
1246946
273784
1228778
7282468
8050741
7389995
8759707
10556723
2930391
10233736
2167436
8031053
8025214
9726979
8310498
2699242
8525933
579552
804578
7975931
530168
1684394
1313400
13024052
2142422
7659220
8525775
7975967
9139965
1250874
7975697
8766586
14734788
697997
8817501
2596670
9149554
411745
959877
13866185
8262271
7863027
8031055
458481
2699208
2210253
10559869
8769417
8310490
10410354
9139952
8325684
7895610
8773760
9134267
1076559
7454916
12871415
2953128
8394425
2930388
8897110
8204858
2930221
8783496
8843804
10434534
3485525
2802589
14861158
7509255
3461378
8398045
13981585
8782202
7657904
7882554
10044221
7165757
8099776
2494951
2594535
3485526
8202057
7936475
2924373
437171
11302394
10248978
3485524
8787822
8031054
8017829
8540628
2755701
484918
1531819
7652686
12871354
8323816
8394434
8398050
12871427
8048876
8540634
8454055
10219351
8017835
2757365
1522540
8017828
1595993
8324583
13981587
8540627
2573663
8050737
519944
9143658
9149545
2089537
8581071
12871414
358801
7552574
3491414
9375229
8394167
235908
10265843
2053038
9073416
7552849
13914247
2656295
7406487
10328698
3465905
2573984
13871842
11284430
421683
8017827
2735129
10365868
2863206
2758262
7563489
8094820
1355693
7515476
8060609
7917992
10300697
13805447
3485521
7657520
8488763
3471649
8918526
3476470
8020756
8126570
10420340
8020751
2167427
3485522
12277060
7988553
965915
8017831
13981584
8016088
14952940
916682
8017833
9149552
13024050
725870
7993198
8057831
2085800
9342309
835095
8775962
8082274
7548933
8454059
3465989
7657514
510589
1609759
7941998
2930201
7539130
1365315
8254202
5471670
8234425
9671059
8076656
8752199
8038845
8563509
1228675
1391440
8757828
9088504
2647361
9677982
12512394
7481845
1456637
2167453
7499405
351144
8904231
8763144
2840361
10236639
9139979
8241800
12277121
2210242
2613632
2699265
517261
5554415
1072428
1154593
1307187
451253
9063864
7579161
2573817
14892021
7895615
8107429
9149548
2647333
7900532
10249041
10420958
7975669
10434539
477159
363913
10236638
8053624
2150667
1251281
13703753
1198392
13981583
2168676
7900636
1477723
2168679
3485527
9925094
2147927
8398047
9207001
7574075
8398048
1611938
1251394
637096
8821992
7477797
8703767
10221025
7579151
8540643
9232341
8074625
11279535
13058625
7352386
7514093
8241809
