228081
538983
1000507
14880387
1822571
2070232
10404950
5829463
2059627
12756772
10419800
225224
435707
420709
1248245
7916909
420645
2148008
5554405
5554410
7355662
5554418
5554429
7988471
8024750
7327532
8769365
240345
1069304
578764
347432
9193864
1243417
2091649
668371
7282197
2059629
1159063
13767407
2147998
2148002
2148010
2148015
2148017
5554408
5554417
5554439
7988303
7988324
8024749
8024751
8024753
1208937
5451626
204801
2059635
2059643
12638688
1129277
760361
1110259
1299255
5451573
429929
450277
5451638
963929
1010094
1298385
958341
643308
1788418
294462
5451582
7144384
679837
2059633
285612
1129336
13798842
14959021
8607004
9129763
970240
14738010
7927029
13802131
2746600
2820345
2845298
7925092
1221014
13742708
14737990
14737996
14872911
742886
742942
1069506
958974
435253
7161288
7276960
12320156
2059631
2059637
2059639
2059641
2059645
1309015
7353284
7279007
1221319
1221341
14738012
5554422
5554426
5554437
7384338
7384340
7384342
7384344
7384346
7384347
7384349
7384351
7384352
7385281
7385284
7385286
8766657
9073443
9073445
461511
7281490
1149022
1298477
1583334
7280665
1583343
2117947
284411
7282200
7314656
10491277
13858350
1529418
1625128
1969924
2570669
404832
346486
13742684
14737998
1725220
1729141
14738004
14738020
14872974
1500864
2873718
742965
742980
743003
7667747
7667749
7673945
7674213
825178
14873107
2582842
585899
7143780
7163361
2743447
1600443
1181917
3456269
7425063
7571372
7954221
8581071
14918713
2170230
2782800
3469451
8103602
8207461
1636074
1722009
2147927
2147929
3475566
3475567
3475568
3475569
3475571
3475573
3475575
3475576
3492290
3492292
3492294
3492296
3492300
3492302
3492304
3492306
3492308
3492310
494282
593557
697997
7909530
7988472
8024755
8513802
8513803
8513804
8761477
8778049
8780595
8787758
8789102
8795315
8797200
8799997
8813824
8815467
8816944
8816945
8816946
8816947
8816948
8816949
8816950
8820411
8832018
8832019
8832020
14738016
14873038
14873123
1500936
1532299
2765659
3468805
502034
502058
634337
699020
705684
7501769
7674353
8381265
8769315
8866771
8890582
2191248
10064736
1011595
10268719
1040541
10420326
1095655
1214728
12484095
1280888
1284595
1303627
1313944
1314175
1534432
2175800
2201554
2644655
2644667
2644681
2644710
2644748
2644749
2873640
3456248
3464757
3477019
429803
475566
637096
667232
7160980
7528465
7558938
790633
8049914
8266338
8468188
8468189
9043785
9043806
9072136
9667622
10232644
10277274
10311289
10736184
1347319
14729994
1738107
2601659
2601834
2697002
2936263
397727
5556344
593168
692282
692840
7421295
7453128
7519608
7653335
7876969
7954214
8057765
8185294
8185298
8318105
8377991
902006
9080651
959959
10223458
10231406
10306727
10651400
10736679
10736978
13931389
1492372
1717481
2171923
2222261
2590160
2689828
3469382
394067
401954
584218
696155
7293665
7293729
7477940
7502752
7571336
7794914
8049915
8103081
8552745
14713756
1009263
10477042
1117084
1284614
1356541
1356564
1356606
1356634
1356677
1356734
1356781
1356830
1356994
1357020
1428681
14558052
14559141
1457256
14737992
14738002
14738006
14738008
14738018
14738024
14738030
14872968
14872991
14873031
14873048
1500887
1500907
1532238
1532280
2147936
2147938
2671301
2671342
2671395
2671396
2765500
2765506
2765509
2765512
2765515
2765521
2765527
2765546
2818606
2821430
2859860
2860023
2960550
3467103
3474809
3474810
3474811
3475791
3479778
3479780
3479782
3479785
3479787
3479788
3479790
3479792
3483199
509568
5681507
629999
634317
637120
660279
666963
698021
705703
7357238
7357365
7358523
7380248
7400768
743052
7450798
7501762
7501764
7501766
7501768
7501770
7501771
7501774
7501775
7501776
7501777
7501778
7501781
7501782
7501784
7501785
7501786
7651807
7667746
7667750
7674135
7674228
7674244
7674383
7674407
7775334
7775512
7775670
7775698
7775704
7775722
7775732
7775782
7775784
784260
787856
7880480
790651
790685
7916911
7916915
7967258
7967259
7967260
7988337
7995060
8024677
8024758
8119063
815447
831537
8381472
8381473
8381476
8381477
8381479
8381480
8381481
8691474
8740843
8743412
8743666
8764172
8765228
8769314
8769316
8769317
8769318
8773639
883210
8843810
8854252
8857533
8860121
8884603
8892384
8898760
8899392
893384
940330
965901
9680206
970027
979458
1000822
1166142
1174888
1192276
12309123
12322279
1298582
1313970
1347265
1375690
14737994
14738014
1798738
1798769
1798785
1798799
2137652
2175771
2175776
2191059
2191063
2191065
2191073
2191075
2191097
2572364
2573148
2631363
2644642
2644782
2644789
2737745
2755689
2896195
2972627
333395
338119
3458614
3460513
3464765
3466302
3467271
3477018
3477030
3480229
3480878
3482664
3482666
3488328
3488330
3488331
372763
410108
429881
519944
528899
585920
606770
606841
627535
634290
659037
7142299
7144021
7293916
7431176
7448578
7497461
7501759
7516585
7563521
7571385
7770173
7866745
7921708
7922714
7922715
7967325
7967337
7967338
8081749
8266336
8267123
8267124
8267132
8267133
8268404
8468187
8517996
8525800
8543523
8713826
8737340
8740068
8743336
8743446
8764189
9073621
9080399
9080601
9080609
9080611
10102237
10434582
1051941
10561670
1077262
1128865
11302394
11302402
1150343
1247616
12512972
12647482
1282139
1354653
1361814
13968592
13969089
14713696
14713714
9074383
1472780
1474283
1485283
1487116
14892028
14941229
1639178
1732705
2180891
2574028
2578467
2601644
2613884
2656276
2662295
2670290
2737180
2849413
2896206
3462196
3463511
3463623
3466308
3476309
3480276
3488304
3488311
388608
397712
454271
469766
5547164
585887
586134
667252
692162
692254
692814
7290870
7293652
7349658
7352294
7385514
7434460
7442907
7478530
7490434
7494395
7501709
7501722
7502814
7502818
7549123
7571335
7571389
7651790
7681540
7902631
7954215
7954223
7997287
8000406
8005876
8006134
8031647
8042903
8086085
8103139
8111017
8111022
8185291
8185292
8185296
8185300
8197212
8233524
8248520
8273204
8316209
8318099
8318109
8378201
8512318
8520625
8564666
8565236
8572461
8737388
8743769
8754121
8898802
9018442
9073712
9074869
9667005
9674533
9681118
10215770
10231516
10258620
10418645
10483137
10489673
10489675
10489683
10556823
10651818
10652095
10736678
10736682
11282845
1157876
1181606
12270998
12511141
1255268
1318597
13618396
1366768
13693165
13734304
13802134
13891903
13981136
13981336
1432072
1432106
1456897
1459458
14841270
14857650
14891018
14927483
14945029
1542264
1623978
2147645
2170231
2190205
2190215
2191239
2203326
2247013
2550540
2573765
2573813
2628362
2666702
2674028
2707355
2722112
2724797
2754052
2770449
2838446
2875174
2884553
2943877
2955882
2963427
2967582
3492184
353697
353845
407862
441291
511314
5511032
5834939
5850929
5864100
600788
615198
622087
670657
7292928
7346714
7357275
7367034
7388910
7398261
7415871
7433895
7477947
7487663
7502815
7516606
7538062
7568078
7570406
7571380
7986163
8045777
8049920
8059235
8195079
8198587
8202840
8223996
8227501
8242921
8243605
8318075
8339405
8347555
8452629
850853
851055
8556679
8574672
8579839
8731540
8873659
8931409
9057411
9065244
9123096
12277168
13746490
2639324
1000799
10062139
10062148
1010940
1010982
1010992
1011104
1011206
1011287
1011324
1011346
10283651
10283652
10283654
10283655
10290021
10290024
10336720
10356051
10356052
10356053
10356054
10356055
10356056
10356059
10356060
1069498
10707746
1091231
1091315
1091682
1092257
1142502
1161051
1165190
1166017
1175067
1189528
1193154
1197023
1210074
1217776
1220269
12309125
1231767
1255341
13010771
13011127
13011827
13011996
13012363
13012589
13013020
13013022
13013187
13013189
13013190
13013192
1319620
1325125
13742686
13742706
13742710
13742711
13742713
13742715
13742716
1383163
1383201
13883953
13883954
13883955
13883956
13883957
13883958
13883959
13883960
13890547
13890552
13890560
13890567
13890591
13890607
13890612
13890620
13890628
13951700
13951701
13951702
13951704
13951706
13951707
13951708
13964513
13964517
1406835
1420709
1468701
1468817
1468878
1468984
1469039
14701221
14701864
14702079
14702157
1480793
14885395
14885397
14885399
14885403
14885405
14885407
14885409
1512943
1534445
1578394
1616101
1636155
1705246
1707888
1718166
1726181
1729261
1736547
1746134
1746234
1746300
1746331
1746480
1746526
1746546
1767961
1798746
