2647326
1065433
1039498
7280641
240345
8753648
291249
523366
10358184
12270856
13672442
13765487
14864523
14927167
2553756
2594713
2723600
2924017
3482492
3482495
539955
5478746
5547922
5558218
5667675
571936
6339328
7294726
7355154
7383501
7422779
7430957
7478494
7487663
7550675
7918218
8003746
8067870
842385
8568881
8737530
9065244
1713662
3492142
1637043
410108
7379035
7539870
3458068
7433288
9080178
817486
10359813
1492281
2746845
2780965
817241
1713954
2182565
