2096520
14874447
2096526
792118
14874466
2096527
7319584
2096540
707947
2096537
782354
2099350
205218
1491800
13665704
2494760
998156
2046431
399046
1259850
2096532
7279776
1175586
229224
297187
2096542
1300922
1300954
1301024
1301041
1452831
1173111
1408551
1473577
2099351
2096535
325270
7317160
2497909
6437291
6530332
8607004
7319586
1550097
5582138
5582141
7334434
10531489
2090482
1426812
1440240
1536458
1580535
2069711
209174
305784
2545250
263734
2754829
838513
869295
14375721
14611495
14284083
1819759
481833
882898
7332038
1545663
8778249
1055687
7332393
958576
2735511
2099362
1411103
1798568
7334899
1010094
1114357
1411498
2080703
5868448
5893387
7330221
7336195
1158556
2099357
828589
1175857
1265048
1990258
281247
7348054
1311902
399627
917727
7318887
991543
1300982
3564279
2061729
2006526
2057327
465465
647088
1273054
1423412
2068531
1057512
1430924
1438919
1580467
1987982
2044748
2068533
2116197
253141
2665429
416000
584951
5897725
7307933
937468
945365
9692102
5838129
