354387
235725
273993
2498024
2342863
2065932
10405795
264893
23147488
345790
252832
961297
1103789
818647
1332939
1069190
1299094
264792
272480
10230112
205792
10995527
1137385
1147070
1392919
962098
1792283
961350
518681
345476
1121645
13622373
14845631
482191
7472683
2498005
14867692
248482
846349
280685
300804
386615
246301
5414329
10510160
13744039
1268119
5414371
12946598
13026262
1539772
2085482
2092574
212170
220425
278398
290777
309769
321797
598161
730341
13741949
518647
1970060
1100638
14953065
1775536
260166
294463
2066874
923291
698728
607058
1009909
10510326
1191265
223432
2108047
246795
5975367
235874
970832
256263
649525
465867
10510321
281452
974156
518715
223539
294711
886611
10498128
849176
1279962
1823987
2477706
263916
225069
252352
236242
681130
10494451
13622366
1371251
13773101
13846484
14707812
14846262
14933422
1545125
2089243
219833
228393
265722
278257
312924
3451496
557491
5974515
8278294
555189
913960
1533430
2342867
12279596
280675
360682
1167979
9630330
1000686
210973
217222
307031
583938
14497847
1390840
14860144
5975619
10510210
217386
229655
13744049
1542572
209047
2133530
207551
1392708
10367623
5414353
598373
5895793
844889
10543129
232769
511495
2342869
271446
5836399
511408
10246591
1075339
1309348
13587866
1436861
1808520
2075124
2092591
2093817
2113240
2115303
217412
238463
241862
242429
250748
268464
287393
301693
304680
310326
344452
380707
490489
5568641
5849275
658262
7318404
7352697
7355385
9503359
952063
961236
9724556
989554
281165
458111
1299051
373822
237474
2342865
2498003
2342873
242275
2342879
477563
2498009
2085488
528847
5950071
757186
278807
234757
1171864
2133534
736044
1420738
5950160
511362
1463563
696662
9630382
607250
287183
292114
1390825
9630832
10308670
247668
628297
845005
279984
967530
10468501
1169696
1216020
250327
1296153
1436854
14742008
1500290
2057265
2107059
218817
246222
259348
262197
285364
285869
307672
359285
463528
5070390
528977
604353
605212
6173045
7276736
7303138
7351133
925428
971765
274594
1369427
730280
282901
730219
426700
5833681
223143
2342875
2078690
215352
2498019
1002840
13026268
7877212
2070918
1199749
922074
844678
210360
502633
1552256
405962
815020
254347
288059
1552158
5453558
344359
5453544
1461617
1410617
359151
512552
1147831
7590170
1552273
241166
498010
359189
5563731
5607079
883908
1215209
558343
310898
223402
328980
1491083
1208444
973909
1442515
302628
607176
304826
358669
1051979
5678341
2494331
297470
7303168
231864
12327407
265842
1997923
220161
1075568
1317937
1822911
274973
5453548
5677680
595136
1987982
1991732
2057737
209630
413895
970403
254988
7278060
2006038
5441445
10225629
10291479
1125640
14910181
1987105
2044624
204677
2093558
246217
268038
4802674
529213
7288823
920502
1412220
604215
511779
359015
511703
2093855
251071
511762
817111
890206
1385923
206397
358960
10368005
1769908
1347347
269493
9630725
1299306
1442535
276996
288834
7590153
216633
218267
1533376
2572415
9129676
10242064
1690781
1985680
275339
313548
4770804
8269421
1260770
2464105
511347
238751
831768
1688691
5453557
7590160
7590167
7590181
447334
715570
905159
10386553
2043331
262617
301369
647706
1982842
936111
5891731
624600
953747
1100441
13665071
1425260
1451812
2118890
411721
411662
2068388
311192
243295
245349
5833126
5837639
5838119
8269425
980801
7276971
1184917
1611938
7312525
276611
1973091
5837622
1999130
1588912
1525534
1003381
1684559
2055529
14027716
1108781
2059881
14694505
1132558
1570242
1982579
280930
943145
1123414
14667683
5837178
1302770
254587
293745
297476
410788
423893
10491955
1581601
14498357
14550445
2077506
486733
2005873
206536
1620669
1423412
5962682
13617470
13849900
1973103
2066266
2091219
1265724
212381
217989
2342881
2674867
659198
799703
848094
906526
14328848
2073772
2091649
2094254
5442885
5955233
10309274
10494342
1066658
12440249
1337410
1395104
1419919
1500250
1509237
1714405
1972347
13749301
1998768
205999
2083498
2083505
2083506
2088369
2089725
386301
2103693
2122998
214172
2182565
255207
299420
373792
386141
461440
476536
511669
538418
5562153
5563735
5587092
5961938
626707
7353653
801593
8035959
840591
969660
1993587
376672
1984512
2096540
2042116
210629
2112613
2342877
2498013
831218
1530515
1038480
1411495
1420199
2122261
5836150
5837348
5837618
5838929
588856
5889791
589005
589045
589062
5957708
5958145
1137435
1440998
1548123
2112615
216077
255636
310065
312839
647307
735744
1088831
14377307
2070434
211713
369115
398591
409794
5838482
919892
1574120
1058800
2004925
221349
450695
4770665
14497718
238208
10517909
1090595
11063392
12324608
1240532
1322450
13614833
1419385
1487192
1630251
1651530
1721090
1791276
5899900
1997882
1999931
2000013
2000035
2000476
2073719
2073728
2073732
226130
243327
246719
252298
2577705
267293
286895
305522
330907
347161
359198
417153
477330
477356
477424
505390
505472
511454
654768
6573725
743221
743276
743422
7590142
7590163
7887687
837643
847346
939207
959779
14581063
1212492
1332891
13665677
1410539
14028023
2107192
338386
511732
584119
1097862
236342
1300954
1329195
1456857
248295
286116
3467182
433042
461103
709140
7275971
7279776
1103561
1154071
14391119
14551309
1557308
5956792
2060685
2086166
2091066
2112859
273880
385375
453127
810648
943122
1002932
1658619
1985784
2064538
221232
303317
381623
399644
480679
1063780
1274083
1302112
13991420
1499624
1992650
2113230
2118923
267716
292794
312005
337760
337828
338053
338459
5541286
836538
932707
302772
2086655
209146
239623
265209
279252
461511
4770651
868458
961457
1227739
13613360
5836198
1220021
1386203
1432307
1494045
2000086
205111
2094838
209740
218005
239394
243356
255159
283751
302928
383805
963768
2086168
2464264
453913
5835607
1141543
1282624
1295609
1295796
1997715
2093560
245054
486672
627500
7144448
778385
949580
12699439
1284025
1317103
1317120
1317155
1432347
1432429
216080
219826
496221
655134
2114967
2133118
5836429
763248
10510131
11021266
5837021
14874447
270155
345195
461541
511808
525527
5687108
622149
819565
976029
1263203
2092255
397887
398426
398672
802859
1112027
1245510
13583855
815156
2133133
1059101
1142364
1740768
1740803
257317
429779
613975
7304986
920246
934012
952500
958306
983135
10288624
1230508
1238492
13850065
1735569
2005133
2042112
2084200
2092882
310268
483852
581988
621000
622169
693440
819887
906205
915927
924599
5953744
5960865
1057312
1098608
1723220
1740833
1984503
2059637
434829
614039
1299233
14491645
1996053
2000607
900205
926396
1057512
1079691
1100375
1118641
11269835
1131134
1136771
1155775
12316324
12316375
1247635
1254390
1331981
1352502
1404372
1556877
1559067
1984797
1985521
2054861
2078150
2078688
2078692
2078694
2128433
2457302
2495842
2495850
2498084
2577659
280298
282905
303239
3557974
380541
385465
417382
549460
5545012
581168
7350606
771028
8459724
915054
949670
989109
398020
5890414
1026365
1282522
13068682
1430298
14537176
274955
277188
346468
417195
431521
753150
8235697
1119342
