222678
440660
962004
1020119
1076185
1583492
790142
1101881
2100871
931064
1341441
258892
1596353
1007797
1293554
1472720
245423
330907
13066523
623892
7280643
264639
219957
2341660
2685932
275078
7926593
9129668
270436
248720
474030
1002961
220425
292748
285036
12284628
7321493
235517
13759309
7277793
438598
1069285
10517909
7277989
288635
1068568
290777
1156868
775331
206366
1169742
1368680
227595
2100909
421531
565567
256263
13588375
6187809
777777
234895
1244001
1494103
1559865
2070018
592271
884878
1989081
2494433
357876
691086
10512783
1430125
2494611
1401090
252298
2494624
274594
3938581
5413463
5413469
5414339
5414371
590470
2000035
264970
5839072
7350033
919219
1068641
1149136
961176
293728
875837
1131171
479072
310326
7326059
743613
243354
383373
537304
7472812
406958
1430077
7316316
10386602
4759702
4759723
4759759
4759782
2067348
7336156
218447
2070793
5897439
1090089
11279507
1133253
12324608
1430074
1430091
1998768
1999114
2092251
242936
296915
303338
480808
5414327
6573725
7887687
9058353
222940
235571
1248772
209538
211167
215385
223435
225776
243512
262529
266957
280146
295917
299907
4759675
4759740
4759805
4759845
509385
5413475
5413485
5413491
5413493
5413499
5413514
5414357
606885
1405061
2071020
2113577
305963
5414351
5414355
234601
5963005
2113230
451064
301693
1163862
1278887
288113
715317
1524342
267673
482728
306679
5963597
2045465
902110
992202
1256561
1751463
358005
6169592
743462
930843
312650
1334220
1404724
2045467
2075791
962710
1082763
1554944
1993905
2090027
587488
839754
875852
10386586
10386714
10386716
1982793
228569
358879
422279
1119564
1322450
13614833
13622276
1419667
1508646
1622639
1651530
1998994
1999931
2000013
2000476
2073722
2073732
254669
267293
277911
338673
385750
669572
825660
972730
2090061
221232
240047
260504
262629
301682
374604
509198
509274
509448
1140230
2475607
307127
1160015
2005705
649982
10358932
1182641
1993911
2057255
225657
2451685
636255
907734
2045459
2089987
328943
1419364
14741995
14742014
2090047
2090085
2090207
329127
722137
1157020
220631
1203959
2102682
2205759
309650
8696634
9130420
941575
3489435
505753
2121731
1088958
810551
10386617
2045454
2045463
329227
329066
329195
393146
1473649
14499882
1993908
394905
976497
1972812
2238321
395009
1630251
5899900
417153
505390
505472
513247
743221
743276
743422
14447811
14672820
1192522
874959
1594111
1993334
509327
2129099
5959464
1703046
10386589
1243943
2045481
329155
2120282
394787
395323
1018727
2113521
252675
394695
5904870
1177104
1593906
2063857
2113534
348100
824659
1157361
242143
5901015
14391119
14551309
2040332
2091066
2092134
2092169
2092224
2092235
2092249
2092253
273880
968277
577727
1144726
1166158
5919078
916515
669706
1505574
1505630
2045592
5835607
807126
1480631
5893950
1177015
1972814
1276226
395193
395253
1233296
5887957
944578
1003414
1148809
1341751
1472926
2091310
2185147
290872
559996
7323745
7379624
7548133
1994317
5905618
2045584
2089992
235024
400117
5892589
5895248
1050889
1062778
1094432
1505754
1545724
2045458
2045503
2090093
2090087
2161983
2161988
269382
290376
313341
5527294
587332
1031104
2090053
1554797
2045476
2090095
261893
291415
481833
7294126
7319035
785715
223922
282216
284642
648589
700872
14403148
8915864
1082638
1194796
989953
1597611
2045471
338000
3461816
5899166
8526469
893106
1523541
2090004
2090010
10386619
10386622
1118687
1683565
1811506
2045482
2208012
329247
5898297
1001086
1028415
1121959
1091555
1104003
1316466
1641833
1641942
2045456
2045469
2045475
2045479
279382
283320
284396
329100
343870
353261
424917
7316321
8738511
2062362
2090083
10386591
1118720
1181581
2045477
2496381
281078
282586
3470800
5893382
553912
8697403
1031214
1121839
13785147
9145084
2090002
1269788
1566798
2079434
265209
283663
286736
289361
297505
440177
7275635
7315290
760809
829551
8297303
1015224
1074327
1074393
1143544
1406694
1406751
1530299
1675853
1675879
2045461
2090077
331636
393334
394127
953122
953169
13749671
1003082
1011088
10288847
1056162
1090076
1146998
1150957
1155301
1279864
1279962
1353564
1451920
1451948
1515239
1572486
1766109
2049966
2050026
2050052
2064360
2087557
2087559
211283
2118917
2122804
2182555
222941
236330
236773
237777
243370
243531
248352
261002
262855
265707
266692
267581
271110
276713
278184
279072
279085
284725
285970
293599
294207
295332
299610
305200
313608
320816
334180
343754
344063
376607
405334
444718
475455
535306
5451604
5451606
5451614
559663
559756
5835977
637536
727976
7281341
7315034
7316322
7318365
7324374
7327826
7548124
8035896
824475
827352
8297293
833937
838343
862026
877396
953583
969485
972415
987428
988125
992584
2089996
8745193
1994314
212895
287167
393428
398387
398438
399629
400178
7328693
7329584
8516491
8516497
1143591
1233238
1675820
2270399
1280263
1295152
209535
2117361
213508
219084
240120
242794
246734
255918
282521
283727
295312
307577
457352
490468
648618
698260
702145
915684
10259933
10259936
1050628
1360073
2113511
2185151
315576
8041880
816961
8297291
8297294
8297296
8297297
8297299
850977
944553
976485
1154262
12518432
13861599
1422974
2467593
2496528
2496532
8242730
10429303
14520066
14520721
2089994
14521540
2072934
520201
7327549
1532738
480497
2001125
229702
257060
394230
5896534
829539
1229547
1269986
1476771
2208021
227613
8518619
8770771
967211
967715
993347
1016658
1120745
1451136
1462050
1500250
225404
242275
2478370
258870
356248
357827
359082
394619
434672
14484814
2686304
5919606
7769860
8701705
1073055
1080207
2090069
1210047
2169970
221927
2622053
335957
5915690
9080282
1069535
2080474
2080478
2091312
313295
579674
2094164
5550917
705557
824627
8570856
1167356
2090000
2066070
2090031
2090879
2113569
2133520
284038
10482093
10512682
1141341
2073140
207974
2090107
376380
5915235
8037855
9309270
244341
506474
7278547
816477
1018701
8020736
950024
5917973
1050934
1337440
261500
322192
3456409
945709
1008306
1011210
1027485
10291489
10323061
1040049
1044789
10512701
10512716
10512721
10512739
1074076
1087468
1093908
1141976
1156357
1245514
1273284
1294833
1310325
1311102
1350886
13740827
13914532
1425756
1436568
1518979
1519892
1528236
1533370
1538025
1541719
1589771
2047068
208622
2087710
5896171
2128433
234733
243356
2464103
258574
264492
267382
2788504
283796
309481
320482
3471843
350426
453541
482883
529460
5541263
581168
584119
593083
598980
6178235
637931
659135
697736
7271700
7280534
728124
7282251
7299662
7331977
7641462
784030
8036089
8279223
836585
8766668
899017
9140098
924102
9308639
995747
14394818
1181694
1072451
14554588
1532975
2123115
2735706
657431
727394
7589310
9683984
1141391
216112
337116
2090006
943238
1101923
2090055
914457
1050978
2090089
2164160
307621
804428
587549
619936
1117742
940996
2090020
7916115
7280623
612079
326415
343390
384620
458448
