1020119
228491
217511
1481949
772330
1135204
1143315
282578
1390840
1702000
245164
1002883
2085806
1823701
7282300
7329854
7317684
12255619
13812225
1473802
1592035
3119666
530479
263870
217222
241719
247021
3461811
554336
5835930
5895500
1045485
1104783
1317504
13850971
14389673
1596431
1775018
221958
280271
2884652
344599
348303
3535015
407163
407259
407408
424063
517620
522483
654446
8034963
986772
2643114
2724504
12418908
1253926
1028275
1194057
1984679
2192591
2744304
453896
5675336
5835562
5839022
589005
5895402
5907122
5917067
5958444
5963320
