10397815
10397816
10397817
10397821
10398040
10398042
10398043
1094443
1266955
1304538
1391937
1532061
1552140
1552170
1779842
1993657
2126976
2543457
2543495
2547252
2547274
2547304
2548402
2548403
2548405
2548589
2548667
2551766
2551832
2551888
2551957
2551996
2552635
2552674
2552675
2552677
2552678
2552685
2552700
2552701
2552710
2552761
2552765
2552790
2552799
2552807
2552815
2552817
2552821
2552851
2552869
2552958
2558790
2562290
2562365
2562416
2562433
2562478
2562497
2562500
2562506
2562516
2562522
2562586
2562721
2563891
2563894
2563895
2563896
2563900
2563903
2563931
2563937
2563942
2563948
2564072
2564090
2564097
2564120
2564123
2566903
2566919
2567032
2567035
2567042
2567050
2567063
2567066
2567078
2567082
2567093
2567100
2567102
2567105
2567122
2567125
2567131
2567138
2567140
2567158
2567164
2567205
2567264
2567277
2567282
2574049
2574143
2574188
2574202
2574235
2574241
2574255
2574263
2574297
2574321
2574337
2574355
2575239
2575241
2575250
2575261
2575272
2575276
2575284
2575324
2575336
2575345
2575351
2575372
2575421
2580825
2580878
2580887
2580892
2580939
2580942
2580944
2580957
2580969
2580978
2580979
2580980
2580997
2580999
2582207
2589393
2598394
2598395
2598399
2598404
2598429
2598435
2598437
2598453
2598455
2598458
2598459
2598460
2598461
2598462
2598470
2598472
2598473
2598474
2598475
2598476
2598477
2598478
2598479
2598480
2598481
2598482
2598483
2598484
2598485
2598486
2598487
2598488
2598489
2598491
2598492
2598493
2598494
2598495
2598496
2598497
2598498
2598499
2598500
2598501
2598502
2598503
2598504
2598505
2598506
2598507
2598509
2598511
2598512
2598513
2598514
2598522
2598523
2598527
2598529
2598530
2598531
2598534
2598535
2598536
2598540
2598556
2598615
2598662
2598686
2602103
2607751
2607765
2607800
2607815
2607854
2633566
2633644
2633668
2633687
2633690
2633732
2633865
2633866
2633880
2633972
2634013
2634107
2634353
2634376
2639911
2642503
2642513
2642515
2642531
2642533
2642544
2642547
2642561
2642564
2642565
2642570
2642585
2642587
2642602
2642605
2642606
2642607
2642613
2642621
2642626
2642628
2642640
2642643
2642651
2642663
2642665
2642674
2642699
2642702
2642720
2642835
2643588
2686496
2686500
2686505
2686514
2686515
2686525
2686527
2686529
2686536
2686547
2686580
2686582
2686610
2686620
2686627
2690583
2711089
2714428
2714649
2714683
2714687
2714696
2714721
2714738
2714812
2717469
2717476
2717494
2717499
2717504
2717505
2717506
2717507
2717510
2717520
2717524
2717525
2717527
2717532
2717545
2717568
2717570
2717627
2717647
2717657
2717660
2717681
2717707
2717816
2737770
2737803
2738130
2749652
2749659
2749664
2749681
2749682
2749685
2749688
2749699
2751718
2751743
2751764
2753645
2753694
2753696
2753711
2753736
2753740
2776521
2776526
2776531
2776551
2776566
2776576
2776590
2776593
2776597
2776598
2776608
2776614
2776638
2776655
2776671
2776675
2776685
2776686
2776687
2776695
2776757
2781639
2781846
2788630
2788636
2788787
2788852
2789560
2789574
2795048
2819666
2845868
2845917
2846143
2846359
2853993
2854019
2854059
2854144
2854149
2854161
2854167
2854178
2854180
2854259
2854282
2854305
2854322
2854349
2854360
2854373
2854392
2854587
2854676
2895280
2895365
2895370
2910034
2910063
2910186
2910365
2910466
2912578
2919995
2920026
2920035
2920051
2920067
2920069
2920075
2920086
2920091
2920092
2920109
2920124
2920131
2920192
2920194
2920208
2920214
2920240
2920244
2920246
2920276
2920284
2920295
2920309
2920335
2920440
2920447
2920466
2920802
2920847
2923480
2960328
2969604
2969765
2969802
2969804
2970139
2970321
2970892
2970966
2970978
2971029
344118
5833140
6556713
7984391
7984392
7984393
7984394
7984395
8163944
8163953
8163978
8163982
8163985
8163987
7335704
1273898
8021265
10302325
10494035
1703090
297618
406947
471827
263764
485142
5836116
5845523
343661
343967
2599809
922646
1221120
3484566
577727
425104
1485267
1194893
8022487
1463016
1106328
7659771
8522360
962526
1197411
212883
1330641
3486167
5951014
2191144
468647
9683555
1244036
8182421
1203959
2040314
2177111
2650244
2673064
7323419
8038598
8517030
9379706
9650318
1348663
2131880
482510
777443
1272859
1339069
2116702
2127319
247696
255636
401201
407200
921831
893875
436086
8520037
1497128
1598510
2170713
234601
250442
258542
262916
265365
265372
279660
298400
204269
272607
288754
437755
995682
1073086
1075339
1422534
233885
263657
288635
290960
491416
679584
7300724
7300733
864470
1531496
1176197
8697406
480497
14404780
1001536
5692177
8249714
7769860
2176318
2075837
990983
2494500
10344818
1051732
898276
962556
1091871
503534
8170286
893887
898256
573952
1125265
1317905
1561450
608329
1067691
1398944
1282192
8891867
14497847
283370
248482
265073
265178
269720
946215
