1169888
1207053
2085697
414846
14655650
1207095
2054863
213507
846409
1011537
1626922
916582
981566
1279443
2053166
2053479
2100885
2107557
2109527
3456413
5451588
5829481
5835790
662501
7327482
743613
1077896
769219
2100894
1593795
2085559
1984487
10291012
1465037
890338
2085004
2085011
1794373
2083521
2084613
415235
842681
14633407
415141
5959645
293832
5897439
881831
2085485
2086627
238275
253811
414810
7277791
1278818
2000966
357654
219294
1250860
2123240
1028652
1278788
2001125
332571
5864482
5962376
1010938
2085248
470143
819733
1142189
450485
470221
1149126
1149136
288114
302185
309752
461626
609423
700029
816326
820075
972170
978024
984961
1284442
1994860
2084848
2084853
353614
587332
2054847
2084657
283757
1250829
1593835
1735996
280763
11280509
1236036
2084503
246677
254402
1247715
1268231
1329298
7280874
10291107
1691443
2084850
470566
810580
281990
7851618
1040627
1126891
1137435
1430027
14651867
1485267
1524097
2074307
2089987
2106747
2118917
216917
2182557
223191
236355
241194
2550923
256036
257612
260392
268155
272401
277548
280880
2835422
309587
420977
421057
421143
421356
841574
8766668
935000
949202
967112
995020
2075418
1046492
211968
338738
1060863
358036
273522
1723142
2001356
2085326
357622
5834863
893000
817364
1279783
1279864
1279939
1279962
357715
215631
261677
13587206
524995
356481
562762
613591
980881
334313
968053
1122967
5723812
909830
1608397
563091
7282274
10546883
10546891
10562780
10562785
10562829
2063432
254033
277148
309329
309592
424077
690693
1998134
2084200
581337
309465
1192411
2084855
2084863
231442
1300505
1362057
240091
2495309
660735
977758
2059841
885114
2067461
232906
1177559
1332459
7302617
7302627
1131816
1317206
1323245
1341883
1351158
1357182
1557873
1653533
1667264
1801860
1985768
2088265
2116442
212597
2132516
226016
263048
269331
274188
284827
286899
310912
452100
480825
529460
5911358
657621
705192
7278066
7278762
7302635
765801
834015
856017
996738
