278491
280500
527153
276241
10494297
285432
10494739
10494525
10493875
286414
10494260
10494261
10494853
10493707
10493678
10494235
362664
10493712
10493900
10493726
10493901
10493681
294624
10493895
238110
10433744
10493894
10494883
10493660
10493870
10494342
10493887
10494741
10468154
10493860
5687108
10493856
10493689
10493695
10494067
10493937
10494295
10494649
10494050
10493975
10468492
10493850
10493955
10494201
10494403
10493889
10494112
10468442
10493671
10468221
10493687
10469310
10468798
10468338
247030
10468388
10468420
10493691
10468763
10493893
10494253
10493897
10494077
10493658
10493709
10493760
10494647
10493953
10493865
10493704
1725130
10494744
10493904
10493899
10493903
10494199
10494029
10495017
10493898
10493941
10493896
10494011
10493923
10494185
10494273
10494069
10494195
10493943
10493932
10494063
10493984
10493947
10494189
10494079
10493945
10494266
10494270
10494271
10494065
10494267
10494268
10494527
10494092
10494191
10494098
10494108
10494187
10494269
10494274
10494265
10494750
10494279
10494740
10494272
10494296
10494275
10494290
10494278
10494276
10494277
10494745
5957186
10494288
10494280
10494281
10494283
10494282
10494284
10494285
10494287
10494742
10494293
10494292
10494289
10494736
10494291
10494361
10494313
10494303
10494807
10494298
10494300
10494299
10494320
10494401
10494286
10494301
10494304
10494309
10494315
10494835
10494746
1447486
10494357
10495266
10494294
10494487
10494310
13584206
10494542
10494302
10494675
10494306
10494305
10494307
13851530
10495189
10494475
10494308
10494667
10494332
10494847
10494980
10494755
10495195
10494363
10495259
10494422
10494748
10495155
13851610
10494651
10495183
10495153
10494873
10495296
10494751
10495356
10495116
10494802
10495225
10494891
10495515
10494935
10494943
10495330
10495276
10495498
10495357
13851595
10495399
10495191
10495394
10494999
10495226
10495351
10495227
13851627
10495231
10495236
10495240
10495338
1070660
10495352
10495360
10495361
992148
10495447
13851569
10495404
10495406
10494747
13851636
257052
1990644
297009
206830
530070
1721453
10715693
1718084
13992189
303154
274627
260445
5962429
352163
527632
2087348
582032
2594749
5964238
8298901
1771413
527473
485775
527536
9920782
584930
2117454
277238
485785
230961
13992094
452121
2932147
237543
1629633
527770
10495170
527504
293766
9918925
352196
7924961
206716
10494731
1714403
216505
10493891
2117440
1990650
8558561
2117444
2117452
1196521
207663
8298795
10494809
7563682
278099
293071
2117450
10493914
273880
216529
305405
10495457
673859
5965327
5961134
2104919
5687219
10309194
10493672
10494596
10494759
10494085
10493881
417231
1179000
10494406
514229
12413284
10494970
10494575
10495348
10493756
10494775
10467946
10493934
10493963
615383
13584164
1710429
697685
23761909
10494330
10493693
10495369
489747
2054276
10493867
10494730
362609
10367322
10493721
10494258
10493669
10467757
10467726
10367219
10367217
10367215
10367214
10367218
10367223
10367224
10367225
10367242
10367226
10367232
10367234
10367236
10367238
10367240
10367239
10367247
10367249
10367243
10367244
10367246
10367250
10367251
10367248
10367253
10367254
10367252
10367255
10367256
10367258
10367257
10367259
10493859
10367260
10367261
10367262
10367293
10367263
10367282
10367292
10367295
10367297
10367313
10367311
10367317
10367314
10367316
10367315
10367318
10367319
10367324
10367320
10367323
10367334
10367327
10367326
10367335
10367325
10367328
10367333
10367329
10367330
10367331
10367354
10367332
10467215
10367337
10367338
10494106
10493662
10367344
10367346
10367383
10367353
10467815
10367408
10367365
10367368
10367370
10367371
10367373
10367376
10367375
10493701
10367378
10367379
10367384
10367386
10367387
10367390
10493663
10367389
10367395
10493665
10367392
10367393
10367406
10367407
10493675
10467136
10493661
10367409
10467787
10493659
10367411
10493922
10367412
10494738
10493698
10493882
10467895
10493729
10493664
10467914
10493666
10469239
10470375
10470551
10493718
10493747
10493912
10468084
10493684
10469257
10493715
10469321
10469447
10469481
10469862
10470166
10493735
10470314
10493732
10493908
10470357
10470393
10470509
10493744
10470644
10470571
10481668
10493742
10481591
10493835
10493838
10493767
10493861
10493902
10493939
10493872
10493918
10493880
10493852
10493750
10493758
10493840
10493765
10493874
10493885
10493854
10493769
10493777
10493864
10493779
10493781
10493869
10493783
10493787
10493863
10493785
10493866
10493873
10493871
10493868
10493789
10493797
10493791
10493793
10493878
10493795
10493933
10493801
10493799
10493905
10493890
10493876
10493807
10493809
10493877
10493930
10493811
10493813
10493892
10493815
10493884
10493817
10493819
10493888
10493928
10493909
10493910
10494734
10493906
10494257
10493911
10493916
10493915
10493913
10493920
10493921
10493917
10493924
10493925
10493927
10493919
10493931
10493961
10493949
10493938
10493936
10493951
10493971
10493959
10493926
10493969
10493973
10494071
10494263
10494075
10494094
10494007
10493980
10493989
10494061
10494073
10493982
10494083
10494081
10493991
10494037
10493999
10494027
10494001
10494626
10494003
10494005
10494015
10494017
10494019
10494021
10494023
10494035
10494025
10494031
10494033
10494045
10494203
10494133
10494174
10494087
10494090
10494096
10494183
10494102
10494193
10494110
10494114
10494122
10494205
10494124
10494209
10494126
10494213
10494197
10494128
10494131
10494259
10494135
10494147
10494137
10494141
10494143
10494145
10494159
10494262
10494155
10494149
10494151
10494256
10494254
10494157
10494255
10494170
10494161
10494163
10494322
10494324
10494211
10494314
10494237
10494311
10494317
10494326
10494316
10494312
10494319
10494321
10494217
10494245
10494323
10494229
10494331
10494233
10494349
10494328
10494325
10494247
10494327
10494249
10494329
10494251
10494333
10494408
10494335
10494334
10494507
10494399
10494418
10494410
10494412
10494416
10494336
10494338
10494340
10494346
10494353
10494351
10494365
10494359
10494367
10494557
10494523
10494420
10494427
10494491
10494430
10494435
10494533
10494457
10494531
10494459
10494461
10494544
10494735
10494465
10494463
10494467
10494496
10494469
10494479
10494471
10494477
10494481
10494483
10494485
10494655
10494489
10494493
10494502
10494535
10494566
10494547
10494729
10494564
10494555
10494549
10494653
10494560
10494611
10494577
10494657
10494586
10494579
10494665
10494594
10494581
10494661
10494584
10494588
10494590
10494607
10494592
10494671
10494602
10494604
10494609
10494613
10494615
10494681
10494732
10494677
10494679
10494761
10494683
10494758
10494754
10494691
10494693
10494695
10494760
10494697
10494699
10494701
10494779
10494757
10494705
10494763
10494703
10494707
10494764
10494709
10494762
10494711
10494770
10494713
10494767
10494725
10494715
10494717
10494765
10494773
10494768
10494766
10494721
10494723
10494752
10494769
10494727
10494771
10494781
10494772
10494774
10494777
10494778
10494776
10494780
10494913
10494782
10494837
10494783
10494833
10494911
10494795
10494784
10495205
10495127
10494863
10494839
10494939
10494937
10494845
10494851
10494849
10494855
10494871
10494865
10494867
10495019
10494869
10494881
10494875
10494877
10494901
10494899
10494885
10494889
10494893
10494895
10494897
10494978
10494907
10495044
10494959
10494947
10494957
10494941
10494949
10494951
10494955
10494972
10494974
10494976
10494982
10494989
10494984
10494997
10495001
10495003
10495005
10495056
10495079
10495042
10495007
10495013
10495058
10495048
10495054
10495064
10495060
10495066
10495083
10495068
10495075
10495077
10495095
10495091
10495085
10495105
10495087
10495089
10495093
10495344
10495099
10495097
10495409
10495101
10495107
10495111
10495221
10495109
10495113
10495222
10495122
10495223
10495229
10495228
10495157
10495232
10495163
10495224
10495168
10495172
10495233
10495187
10495181
10495185
10495193
10495197
10495199
10495201
10495203
10495210
10495219
10495220
10495251
10495253
10495234
10495239
10495258
10495245
10495252
10495275
10495254
10495256
10495255
10495257
10495263
10495262
10495265
10495267
10495268
10495270
10495271
10495273
10495278
10495272
10495274
10495277
10495335
10495324
10495326
10495329
10495331
10495332
10495334
10495333
10495336
10495349
10495337
10495403
10495339
10495340
10495341
10495342
10495343
10495346
10495366
10495345
10495347
10495354
10495350
10495359
10495353
10495358
10495355
10495362
10495364
10495363
10495365
10495367
31306195
10495411
10495368
10495371
10495373
10495372
10495374
10495375
10495376
10495516
10495377
10495378
10495514
10495379
10495380
10495458
10495381
10495405
10495391
10495392
10495393
10495395
10495396
10495397
10495398
10495400
10495401
10495414
10495402
10495407
10495410
10495412
10495413
10495415
10495416
10495417
10495419
10495418
10495446
10495451
31305379
31305387
31305383
31305399
31305406
31305411
31305422
31305417
31305627
31305427
31306217
31305444
31305453
31305775
31305713
31306205
31305873
31306078
31306436
31306199
10493724
619723
10494743
226901
10493668
5906601
10493879
23704993
10367363
18922675
10494879
10493667
10433732
10493657
10493907
10493935
2060537
10493886
492601
10493862
1416440
2054247
338053
10495513
10494753
23242829
10494737
