1392875
1329512
5957509
407648
7316459
252352
598219
2066794
7328681
10510091
13139079
1056704
13740833
1471865
2132820
7288930
8867095
1004080
638142
7279826
1341959
285575
893349
1155634
271352
5453547
4770958
2056189
10509856
14407911
305927
7279415
14760281
7316465
793520
267878
2341662
14701467
268885
5440931
1552907
288436
296767
379455
7288779
2341660
2498001
732671
13138928
730117
1251953
2494989
2498024
5957631
2058109
286087
291474
412905
5832271
7472329
7472812
343624
365531
451015
560556
14447091
223539
2496325
287380
5414341
560354
5953971
7317572
271496
400870
701701
941147
10404980
13677494
13743523
207652
264659
275919
379404
972128
13902500
1426904
236531
2498007
256127
286774
334249
730219
7324524
7471916
7472346
1558901
3028857
309401
331477
5682388
1422954
2494983
254669
295413
5582138
692221
819751
903775
10287973
1058296
13065507
1338470
1404602
2070430
222305
238716
2494971
296604
306351
308464
4759805
489574
518368
5441688
743613
810486
843260
9308757
1024301
13065396
1323462
13743450
1484202
358955
406662
5414339
5835850
641045
847609
961320
10288248
13766547
14447811
226216
245685
271392
305010
328532
395294
5837340
5842392
5845126
609386
613941
702269
730280
743599
7589352
1093348
12273606
1453343
2053162
2064778
2070024
237351
240047
262139
284588
3451553
5842338
7375039
876335
976112
1119588
1351307
13766598
1415611
221982
228569
230624
260666
300382
365171
412878
7279693
729555
7364538
7472391
7477743
1011537
1070716
1101923
13139775
1556089
1560777
218452
233313
2341658
238390
2494961
250353
270633
579598
804978
1045277
10562780
1082835
1272993
1552981
1569404
1629854
2044861
205633
237474
247882
2498084
347033
379425
398565
620517
7272162
730341
7472823
893770
955770
962098
1043214
13065450
13586936
1439392
1723283
215352
223118
229146
2498003
2498005
2498013
2498015
2498017
2498019
277911
283053
489492
5829466
583044
12411254
1557244
205967
380390
526109
5563059
1394509
14657657
1519980
2103697
246368
2496530
259366
358599
7279414
1196622
13870943
1432324
14666539
1552158
1597611
1995928
2066788
291567
302960
360174
395459
434829
460236
4800582
528413
5440933
5842348
5954352
5966282
712701
7288851
7471902
8677565
8865388
9070109
9129759
913826
992430
10367623
10490382
10491308
10492068
10512721
10542288
10556112
1063895
1081603
1092396
1134115
1159306
1176271
1179973
1191852
12285396
1247472
12518269
12596082
13139816
13665704
13740840
1387299
1387508
1398153
1459345
1497463
1561419
1692599
1970049
1973068
2046772
2070434
2071220
209337
2103693
210626
212690
2128155
217008
2205759
222820
233832
245091
245198
2494331
2494437
2496534
255122
262482
263382
275140
278673
285197
287895
293227
305963
3450617
3456405
3564307
405367
428815
454580
4770663
483099
487913
497850
517338
5441680
5563180
5676288
5723829
5723832
5832269
5839063
5842394
5849008
5947771
5948002
605316
612866
707193
7275984
7297312
743819
7588873
761356
7851622
820975
905159
9129667
930881
966116
1273744
1438919
309752
310659
458961
5561995
581495
5836497
11054529
1198590
1295984
14692411
2084368
2103690
242998
642223
1026365
1029503
1307391
1308240
13139915
1441553
263392
274188
298738
5563762
696974
9193074
1016588
1024231
1538453
1620749
1822911
211927
214348
216749
228755
264917
421732
447334
452587
643308
7145740
8877987
963574
1031485
10525842
1058179
1195968
1342672
13736188
14950784
1422099
1441440
5908339
1990240
2046439
2059533
2115268
2117935
2123220
230130
310381
5954909
5958550
7281869
943125
1016148
1031427
7334434
1060803
1076388
1104683
1160861
12638688
1278965
13139900
13740815
13749839
1412135
1456979
1499729
1603077
1695876
1698979
1998118
5909665
204848
2050695
2058113
2078144
477098
2133162
214372
216596
222337
225976
2341632
236242
249133
250392
258849
264348
266232
275241
280675
304388
309587
3535459
357918
359999
379526
405334
420607
447187
451439
5412311
555551
5832783
5955103
5957925
605499
636305
703198
7144261
715651
7320366
7340239
7353653
761497
790622
810146
8277578
8305956
889586
894586
941611
943122
946209
948745
951611
961350
967557
993662
1013027
1461677
1505574
1505630
1593906
1594111
1723158
1723184
1723203
1723220
1723222
2070000
216290
221232
262629
301682
351922
379446
379477
379504
429929
452510
613924
613975
614013
614039
614056
961457
1016258
13588364
1391964
1520081
2070014
641097
7279416
7364529
866983
1024184
10287791
1030674
228303
576966
955430
1011391
12949082
2060258
244936
2550923
374156
5562197
969120
11279595
1149590
1317266
13766539
13766609
1405202
1510961
261881
577334
603689
605483
6169617
7328982
991761
809875
1598769
2082725
2088812
214206
7300846
7325639
732759
854844
1061295
1183201
12249044
1396733
1996618
312485
480857
480949
5582165
10420353
10541364
12415987
1289423
13611984
13615208
13972488
1510901
1644327
1823987
2104807
252184
3451239
403408
5412456
5543344
5563753
5583949
568027
615278
790575
836567
885992
894195
934929
997944
2058119
2066798
675633
7133024
1170025
208436
226130
243327
259501
303070
1212364
1525219
209146
236098
272333
358139
443439
453223
6169592
1985784
2059423
382347
1000922
1066557
1461651
2180042
286814
987282
1079561
1283350
13764890
1450489
2054783
2090087
2116058
220691
305092
395491
465761
465952
5684972
5845199
731736
7350804
7590163
882369
14690327
1823999
10419800
1090969
11054579
2067349
289114
8681937
1011880
1320820
1368680
1433966
1484018
2488266
5689310
6440697
10324927
11279817
1273372
13907281
13941281
1410623
1735522
2063044
263950
281247
405677
590548
608055
7352148
1173032
1295609
1520427
2118405
2496375
296640
307205
323362
365909
371605
5553503
624117
7275635
762380
790925
813498
897368
10291489
1030250
10420204
13363105
1355264
1541293
1656431
1656482
2118915
244517
252317
276158
305076
309592
515921
6402115
7313033
9129755
1030091
1045184
1124396
1149930
1202283
1279864
1279962
13139065
13384801
1409745
1431087
1431948
1459654
14712178
14740436
1565156
1632555
1685210
1695137
2066983
2078676
209173
2130183
224677
237045
2494605
255211
280264
287190
295761
303317
331387
332782
342572
347247
373909
5837622
621486
7320393
735744
743312
816660
8348391
921898
951674
970571
10323061
1197891
1333920
1561665
1625216
1625272
2046443
5674691
737729
8533823
10467225
1161819
1166578
1282305
1575989
1638180
1985064
2041039
2042125
2064792
2074311
2057363
226919
242530
255581
259109
276114
290977
332846
405785
409497
460342
5563744
5568658
714678
729594
7321709
901611
917727
9502441
2132516
10361059
11059758
1290819
13740995
252754
399420
399457
5412885
7313032
7313043
7313047
7313054
7313056
878074
1096114
1425487
2114985
259756
260986
345881
5562183
5838001
9648040
1002969
10233429
1024737
10291004
1031486
10415870
1045198
1045256
10467346
10549636
1058800
1062900
1070963
1074633
1105765
1116667
1128137
1129233
1141632
1148682
1165930
1170436
1189843
1191361
1191823
12273172
12273208
12273217
12324586
12394638
1244558
1244608
1253762
1255454
1256686
1264910
1266224
12756772
1278999
1282496
1286224
1299843
1299880
1307932
1313275
1317155
1326432
1327619
1328961
1331252
1335545
1345332
1347620
13556677
13665405
1370604
13740877
13742009
13744056
1374635
13765402
13801139
1405742
1428213
14379192
1439790
1440036
14439577
1445051
1445103
1449762
14530671
1465978
1497097
1510743
1525020
1558492
1670938
1728742
1984102
2006032
2046050
2046052
2046058
2046064
2046066
2048334
205105
2056095
2057267
2058105
2059633
2059841
2059873
2063961
2066392
2073709
207420
2084213
2084385
2087781
2088825
2090077
2094538
2102998
2113063
2114564
2114692
2118346
2121727
2123342
2125191
2127252
213219
213596
219918
220457
223207
224304
226487
230105
234851
235364
248047
2494460
2494571
251581
259441
261239
265505
273235
275861
278193
278823
278827
278885
281410
284945
289672
289911
290807
293861
294556
