1988905
1587398
10261745
10261746
10261747
10261748
10261749
10261750
10261751
10261752
10261753
10261754
10263392
10268732
10268733
10268735
10268736
10268738
10268739
10268741
10268742
10315915
10315916
10315923
1123111
1123201
1123240
1123355
1123412
1376621
1389585
13896259
13896262
13896274
13896279
13896283
13896290
13896291
13896292
13896293
13896294
13896295
13896296
13896297
13896298
1490827
1513043
1543679
1577776
1619540
1621239
1625706
1649040
1705443
1709862
1709868
1712740
1713962
1713988
1717086
1717106
1760695
1763959
1767662
1833585
2167674
2167675
2167676
2167677
2167678
2167679
2167681
2167683
2167685
2167688
2196043
2764906
2764913
2764954
2764981
2765001
2765061
2808526
2808527
2808553
2808556
2808571
2808609
2808621
2808637
2808696
2808710
2809045
2962871
2962898
2963074
2963081
2963170
2963233
2963285
2963345
2963396
2963463
2963554
2963562
2963607
346286
3478647
3478648
3478649
3478650
3478651
3478652
3478653
3478654
3478656
3478657
3478659
3485120
3485121
3485122
3485123
3485124
3485125
3485126
3485127
3485128
3485131
3485132
3485133
3485134
3485297
3485298
3485299
3485300
3485301
3485302
3485303
3485304
3485305
3485306
3485307
3485308
3485309
377093
409978
413394
415406
441399
480147
574445
580067
7905293
7905294
7905295
7905296
7905297
7905298
7905299
7905302
7905304
7905305
7905306
7905307
7905308
7905309
7905310
7905311
7915411
7915412
7915413
7915414
7915415
7915416
7915417
7915418
7915419
7915420
7917760
7917761
7917763
7917764
7917765
7917766
7917767
7917768
7917769
7917770
7917771
8043579
8043689
8043696
8043723
8043760
8053458
8053460
8053461
8053464
8053465
8053466
8053467
8053468
8053469
8053470
8053471
8053472
8053478
8081401
8081403
8081467
8081475
8081477
8081478
8081479
8081481
8081482
8081483
8081484
8081485
8081487
8117243
8196880
8196881
8196882
8196883
8196884
8196885
8196886
8196887
8196889
8196891
8196892
8196893
8196894
8196895
8196896
8196897
8196898
8196899
8196900
8196901
8196902
8196903
8196904
8196905
8196906
8196907
8196909
8196910
8196911
8196912
8196913
8196915
8196916
8196921
8196922
8196924
8196925
8196926
8196927
8196928
8196929
8196930
8196931
8196932
8196934
8196935
8196936
8196937
8196938
8196939
8196940
8196942
8196943
8196944
8274488
8512535
8512538
8537797
8537800
8537801
8537807
8556893
8577819
8587308
8587309
8587310
8587311
8587312
8587313
8587314
8587324
8587325
8691876
8700813
8700815
8872862
8877395
8878484
8897142
8898067
8899480
8899624
8903881
8905085
9080408
9080644
9080645
9080646
9080647
9080649
9080650
9080651
9368677
9411287
9413423
9414953
9417757
9418188
9441161
9446065
1113973
1127784
1131932
1151079
1195936
1231653
1286810
1413977
1415055
304443
210266
2073297
2103869
621815
7509462
925398
10348065
2685174
2685213
2685229
2685233
2685318
2685321
2685326
2685599
2793502
2793770
2793816
2793842
2794052
2873248
2873354
7506242
7525010
7989074
7989082
7993405
8003695
8005996
8035136
8035138
8035140
8035148
8035149
8035150
8035151
8523771
8540577
10222658
10222659
10222661
10222665
10222667
10222669
10222672
10222673
1053555
1391840
2454310
2454311
2454312
2454313
2454314
2454315
2454316
2454317
2454318
2454321
2454322
2454323
2454324
5437188
625054
723626
726929
745087
754813
7657091
7657092
7657093
7657094
7657095
7657096
7657097
7657098
7657099
7657100
7657101
7657102
7668423
7668424
7668425
7668427
7668428
7668429
7668430
7668431
7668432
7668433
7681595
7681596
7681597
7681598
7681599
775145
775215
7776736
7776737
7776738
7776740
7776742
7776743
7776744
7776745
7776746
7776747
7862223
7862224
7862225
7862226
7862227
7862228
7862229
7862230
7862231
7862232
7866042
7866043
7866044
7866045
7866046
7866047
7866048
7866049
7866050
7867990
7867991
7867992
7867993
7867994
7867995
7867996
7867997
7867998
7871426
7871427
7871428
7871429
7871430
7871431
7871432
7871433
7880589
7880590
7880592
7880593
7880594
7880595
7880596
7880597
7880598
7880599
7880600
7910650
7910651
7910652
7910653
7910654
7912385
7912386
7912387
7912388
7912389
7912390
7912391
7912392
7912393
7917060
7917062
7917063
7917064
7917071
7917072
7917073
7917074
7917076
7917077
792068
7925050
7939143
7939144
7939145
7939146
7939147
7939148
7939149
7939150
7939151
7941779
7941782
7941788
7941804
7941819
7941902
7941926
7941927
7941928
7941929
7941930
7941931
7941932
7941963
7996672
7996673
7996674
7996675
7996676
8085170
8085172
8085173
8085174
8085175
8085176
8085177
8085178
8085179
8085180
8085181
8085182
8085183
8085281
8085282
8085283
8085284
8085285
8085286
8085287
8085288
8085289
8085290
8085291
8090087
8090088
8090089
8090090
8090091
8090092
8090093
8090094
8090095
8090096
8090097
8094851
8094901
8094916
8094941
8094947
8095003
8095234
8095242
8095340
8095354
8095391
8095392
8095393
8095394
8095395
8095396
8095398
8095414
8095415
8095416
8095428
8095430
8095433
8101194
8101195
8101198
8101207
8101210
8101234
8101235
8101237
8101238
8101239
8101240
8101241
8105464
8105465
8105471
8105472
8124429
8124601
8124780
8124861
8125058
813892
8190091
8190092
8190093
8190094
8190095
8190096
8190097
8190098
8190099
8190100
8190101
8190102
8214307
8214360
8214361
8214362
8214363
8214364
8214365
8214366
8214367
8214368
8487539
8487540
8487541
8487542
8487543
8487544
878667
900775
917709
938797
9875286
9875337
9875341
9875408
9875592
9876141
9876272
9876273
9876274
9876275
9876276
9876277
9876278
9876279
2202681
1735113
324394
2137144
2196670
5451573
8344880
8707910
968967
1132692
5897690
2971881
5962682
2600065
1093060
1041611
1041643
1068988
2070110
1114520
1114827
14482795
1220656
1228225
1247645
2600147
2600189
1419403
5586575
2600248
2600216
2097725
2600132
2600232
2714501
2714656
2847519
2847520
2847595
2971377
3454898
5586560
585059
585193
691096
5586581
817107
1180178
1247571
1264763
1402341
1702198
2006729
2600325
2714611
2714640
2847628
2847645
2847656
2847842
2847929
3454897
3454900
3454901
3454906
5586558
5586585
5586593
584992
816959
936531
14483016
1249246
5908419
253063
2600174
262622
267649
2714476
2714517
2714579
2714639
2714708
2847703
2847860
302784
310068
3454896
3454905
5586552
5586555
5586554
5586579
593028
1025617
1025667
11298779
1145895
1150126
1177911
1181614
1242485
1255088
1304764
1342885
13751327
1473985
1731910
259396
282853
3454899
465427
590961
593047
623873
789571
924283
949408
1121874
2044135
2044141
2044216
2086655
10287659
1124617
13749465
13751226
1401744
1464669
1464710
1745105
1985450
1985452
2044143
2044203
588315
921706
2044190
2044199
2044207
698816
2085485
2112858
225455
271750
324365
324419
324596
324644
324740
324793
359129
445218
454305
559005
590222
745914
786670
7927566
13751154
7273456
1981935
2044197
2044201
2044205
2044212
2044263
786711
7280433
588359
921646
5960617
5964544
7279432
7281122
745998
921666
7273450
5960457
7273447
7273451
7273455
7273460
7273461
7273462
7275576
7277193
7277194
7277196
7277199
7277200
7277201
7279417
7279419
7279423
7279434
7279435
7279436
7279438
7279442
7279443
9334591
9334592
9334688
9334691
9334697
5966850
623369
649525
7273448
7273449
7273452
7273453
7273454
7273457
7277195
7277198
7280445
7281114
7281116
7281117
7281119
7281121
7281140
9334588
9334673
9334708
9334743
9334744
9334746
9334755
9334758
7273458
7273459
7275577
7275582
7275583
7275584
7275585
7278776
7278779
7278782
7279446
7281118
7281139
9334665
9334753
1020327
1020693
1144671
1089068
1091501
1093903
1703222
1111924
1111951
1116104
1327735
1116179
1144625
1163704
1181307
1181383
1222041
1309015
1441879
1445620
1472720
1543228
310546
1699256
206867
210207
490047
2187305
229634
235371
254742
259663
275533
293832
397277
467743
7289013
1020007
1020351
1089273
1093657
1144599
1181332
1222089
1269303
1309054
1529629
1355471
1441856
404976
1587417
267785
1525670
1703284
1703300
210612
211214
2127066
2127068
2127070
2127071
2127072
2127074
2127075
2127076
218791
2188651
226213
237800
288864
300192
468874
7288826
7288865
7289063
7298220
7300029
1111877
1181414
1222004
1310963
1316409
1327702
1330798
14685978
205218
210332
221771
224564
