448129
1122673
5563409
1158102
1791403
5953557
393197
13783020
8086310
8086317
962559
10265503
1062295
1152122
1272440
1344457
13770743
1801889
2638640
484411
5850588
8022525
8688121
908413
677969
2000466
680357
13770191
1281932
393262
708313
1624306
1332419
2804330
8086312
8086313
8086315
8086316
8086318
8086319
8139689
1025853
2123486
12637573
15629199
15629227
15629240
15629247
15629330
15629335
15629377
15629484
15927947
15974539
15977100
16061604
16061652
16061670
16061717
16061755
16234740
17864356
17866488
21840169
21889672
5687219
20874749
20874773
20874791
20874806
20874845
20874866
20874881
20935753
21838646
21838733
21884004
21889909
1310493
231949
10062091
1010104
10220910
1023078
1025963
10265493
10268212
10268220
10273029
1029371
1034660
10365862
1152166
1183510
1183611
1194166
1228391
1264092
1271222
1271257
1303178
1314175
1358174
13765487
13769753
13771165
13775250
13777093
13777163
13778272
13778571
13780534
13782214
13782410
13782828
13868363
13968596
14422970
14472997
1483123
1491026
14921062
1505984
1525934
1611589
1681010
1696318
1722740
1801083
1801116
1801158
2148017
2541013
2578496
2605980
2608518
2608779
2614567
2654487
2660035
2664967
2677233
2709348
2792181
2804792
2816603
2884068
2893296
2936294
2969378
2970475
332283
3474621
491264
5477175
5876852
5894164
6340122
665151
679256
719504
7290870
7383146
7433620
7455942
7497636
7521570
7538607
7547715
7573915
7576313
7886346
7925222
7946260
7956945
7967338
7997298
8004405
8042731
8197272
8201195
8207325
8506046
8521383
8523587
866467
8693078
8753610
8769342
8776194
9920246
9921189
2128147
736044
1010935
13749439
2003075
489502
514624
1491398
567589
13779792
7334936
631016
269254
10357416
1198001
810454
243025
1131693
13779200
1825673
2252881
253410
527153
727545
727572
1638641
1416391
272554
602678
1179000
2113511
261421
1133253
2912559
480402
1988049
914149
680464
1002995
13778788
13779432
13782735
2001894
238275
13782522
2064809
261908
216633
1802582
1000914
1281008
2064807
2105651
307345
1391439
577727
8904566
960464
1299306
13780916
13782513
1470509
14710696
1598467
429392
8522616
1360523
2104919
601734
1091284
13779377
209733
643151
1248516
1318899
5833681
846454
10386186
10494738
13786558
1991582
678287
930429
13779874
1374257
2064803
242026
5541269
1162073
13785429
5962376
13782769
1486269
2495309
398407
754954
1499020
5897629
7999162
1072318
1116010
1230873
1276469
12948529
1310517
13556677
13770950
13776017
13779884
13784158
1624577
227294
230949
248942
254091
351682
455880
7276267
847487
8859745
1092343
1281061
2851398
629516
8974219
2554430
503777
577813
961945
1031230
10509298
1283008
1614892
3457049
358960
399406
581277
683178
928710
930633
1001660
13759111
1107469
1129172
1193795
1269767
1340342
1356872
13769444
13769743
13772422
13779215
13779666
1384854
1431627
1438969
14472983
1498192
1551780
1633420
1742506
2127472
2257562
2495779
341956
438072
491700
505292
518469
5544056
5675938
5865670
678695
739038
743160
823042
853007
856408
895717
9202771
9202966
9203042
733757
1048654
1183918
554291
577992
2113213
310912
715090
7319181
786936
8394445
848006
980881
1170368
1360194
13782690
459414
462391
5907303
959883
963929
989109
1025762
1368680
1368815
1387607
2056272
306065
657431
669706
700812
8186766
1011210
1041159
1072749
1072765
1106328
1196301
1219555
1602392
1259850
1301398
1361408
13614692
13770069
13772016
13774439
13774650
13778792
13781613
1385802
14619767
1500219
1515553
1542714
1565156
1985426
2042504
2044731
2045269
2064394
2074556
2096073
2113245
2116197
2191138
222054
224319
234303
244591
2584375
264787
268155
270697
282685
283683
289102
297824
3010049
577526
5835218
583868
5964238
7274557
737946
804128
8118959
8743469
8773421
906044
940005
941931
959538
1639060
2000059
2174624
5583973
1112352
1112508
1361282
2064805
222430
997147
1013957
1077366
1221149
229636
392845
5893556
1556829
568986
761069
8778643
10433732
1112132
11387120
1445040
1496621
1530299
2056303
2486841
391265
727532
11272358
11272391
1184054
1462466
1590616
1630990
2054845
298273
441576
8035902
886650
969743
1092700
1142364
13859469
1452763
1970287
2045250
2103670
322665
5684972
836675
9235519
972072
1281087
1436887
242936
517261
7282274
1048416
1103694
1175460
1313857
1495361
2096079
312405
376430
434278
469606
5441696
8819249
5692925
1013679
10259781
14388389
1463270
1542488
1557686
211024
2663507
2860871
465794
5948723
650109
816693
1023052
13779843
14497718
1492281
1666466
252231
714795
815156
1242816
1436870
1436912
1532538
1532588
1532636
1532645
1602836
2056006
2104909
503889
8020177
812568
1027485
1146636
1192051
1293061
1322459
1351242
1364659
1387423
14586094
14587876
1500662
1993392
218765
2561357
342754
3462682
364597
378409
399854
5550917
582137
587332
737523
9280681
10494739
10495258
13665677
1625352
1644253
2124869
1146369
1499624
1532975
1560952
2001125
2057608
2496538
283751
530252
1148411
1988559
2094845
240091
2495373
275339
447785
5965749
8899552
949202
1011707
1012569
1018751
10291012
10291359
1035682
10494235
10494741
10510674
1077485
1120122
1123414
1178081
1195359
1197381
1205133
1246317
1311139
1322489
13774425
13814879
13857678
1456022
1610083
1663665
1986835
205111
2084200
2094535
2094933
2118915
2198589
223583
249412
2629120
264342
285181
291001
291705
362664
392055
431711
455065
5443160
582032
5961570
649058
679837
693944
714678
7276651
7277193
7296003
7301139
7329342
783791
8096724
836848
858202
887161
890973
912412
930379
937445
965956
1079045
1177067
13776701
1750072
1787847
2045783
2048340
235026
2198887
296833
322439
5964370
7993277
8459519
856417
1168956
2123344
1338928
13785042
234797
771792
8246829
851199
1998451
243327
306099
1002976
1006929
1012063
10125557
10217817
10243015
10265720
1027467
10309983
1045415
1046936
1047359
1049081
10493860
10494260
1055502
1061295
1080694
1096114
1105765
1110246
1112208
1112604
11282799
1130661
1153344
1156930
1175229
1180966
1188967
1191359
1212309
1218872
1226224
12313317
12411224
1244036
1247964
1255764
1264863
1278788
1283336
1284301
1292519
1295769
13384801
1340521
1342087
1348793
1350886
1351648
13614892
13617464
13617522
13668150
13668182
1368698
1368747
1368773
1368797
1368838
1371116
1372086
13744283
13764897
13774473
13780118
1390508
13989917
13989928
14483397
1463512
14703568
14716234
1477528
1486617
1490184
1501582
1510719
1511674
1514943
1519892
1520391
1585135
1644115
1670367
1721090
1735569
1787391
1966602
1985680
1989177
1989209
1990270
1991036
1992338
1994645
1997918
2051823
2056271
2060479
693962
2066631
2066800
2075351
2083485
2087290
2087371
2096520
2099357
2113224
2125145
2132710
216196
218005
221064
223630
224665
226510
2342873
245782
246043
251071
253374
253701
2545764
256334
261677
2684959
268959
273926
276056
2805949
288976
2945777
294643
297284
305461
308765
313057
314104
329960
341559
3456409
362704
395194
395307
395934
404297
460409
502712
508667
508685
508754
508784
5451594
5451604
5451634
551186
552828
5578454
5589456
560377
5683610
568848
573523
579636
580757
5835251
5835585
5891731
5899803
623418
626707
648690
650032
650364
675971
680240
692096
726764
727394
7332794
7333548
7336606
7344738
7386148
7575893
766421
779226
7885049
7922845
7998913
8035058
8037856
8049870
808127
810529
810580
816326
8348510
837803
841477
8446232
844658
847346
8518943
8578935
883156
885144
903576
908230
911013
9129755
914255
914301
9150280
929891
953655
988503
1220874
