1250398
7275301
7298352
1248559
1329215
1345717
1668096
265997
282561
448152
5957080
2046441
1332920
13750540
270476
214678
2118080
214599
230819
241187
403466
10285933
10302749
1030896
1046996
10707740
1096346
1103019
1119225
1125191
1126605
417297
261606
1268181
1234924
1290802
13740977
13749530
267903
1577652
204502
2059305
2076225
290089
2107027
2129017
213218
221298
225914
226789
232826
245427
253007
254510
264098
269528
277157
295447
297899
667152
7274368
7279007
7281681
7307352
956116
5910877
1071490
1128137
1172442
1201058
1314759
13672825
13757371
1501741
1561164
1967617
1703046
1803549
1816188
1823982
1982364
2043854
697398
501290
248834
2622578
2650104
276447
280129
282338
468776
292566
2946141
306933
473140
568435
574351
578177
608055
706906
720526
7279553
7280004
7280150
7326978
7341801
8010879
810709
8338978
2137447
878986
7568804
10370429
10489678
12308850
1234646
1595239
261540
306001
340956
451086
1033645
1345748
2497981
2613897
7148031
7378847
752574
10298085
10311556
1036945
1038192
10418447
1048518
1086949
1129336
1135994
1295251
1387786
1450042
1503522
2187446
2197010
2210246
2495770
305948
525417
5589125
683885
751956
754285
765270
1098480
1138644
13668166
1474903
1504016
1588818
1637043
2091312
2545391
2687570
274955
3489435
410108
460850
578228
738401
7455676
7572272
8223898
8271245
8695469
8696539
8702940
969885
995486
265707
2971046
440229
8007728
1557244
292409
5837927
5918670
1268065
2852040
693383
7868591
821813
8553689
923877
10315800
1478235
2495764
464392
5836622
5962642
7516473
8059614
