233076
1149563
1055019
1091284
5910877
877578
297691
463390
5830696
1060250
16022187
260092
1106698
5888158
265842
211174
306387
974156
2103686
230867
307842
665216
1104072
5444607
2583790
282561
205798
11271039
12284949
1138110
1248245
1248819
271093
246077
10554229
1387272
1764925
1241435
968967
1994728
620517
2058117
972128
1192589
1428213
284071
1215209
267004
3458951
7300724
923756
782354
239646
5838829
10550391
893770
934933
275213
12283705
13744903
1970055
294610
5453554
10076586
1419440
2127368
228016
223047
435291
5409333
600567
906992
598276
457004
1351507
12947441
1521946
522564
454277
1039498
272811
502633
588959
1081904
1410617
2078143
277049
421949
881026
1396561
275919
2093863
5070121
365780
406662
288217
1651464
1539810
469828
701559
848404
906153
13065534
649636
701608
701649
10300025
11279507
1169254
13299893
2059629
227479
262872
280481
323060
359198
607176
522543
701756
1007617
14921101
1703530
1741087
385629
583827
7276129
7316794
2045096
246729
482798
825294
483098
465794
959915
462540
590222
1999837
1565875
205041
1347383
1360523
1432738
1464571
206190
2141634
352571
489451
5835977
668793
7651292
9070109
1062350
1263758
13673638
13867463
2067355
221958
229895
2816746
3464648
389238
556971
5947705
7272604
7279804
8566244
296369
1004182
1008046
1028177
10525867
1082477
844970
7275306
1123022
514901
1126932
11279515
5676319
1134073
1135362
1136779
1139323
1145948
1155630
1171763
1209926
1266354
1297923
1367114
1396886
14576558
14911178
18312518
18237151
18957934
18994667
204645
265564
20950687
392372
2116179
2125862
2133503
228338
230819
232091
287612
297979
351035
825820
5889799
5896548
5957547
678627
701787
812108
814293
847221
998920
2000907
5955175
1733756
1154071
362704
840342
221877
1249543
262175
1027485
479713
1148292
1468429
7335344
8367623
14557139
701735
922273
1007656
1115574
1120606
1167060
1170368
2107027
2494985
294509
5961753
7279414
7304984
930441
2064458
2074865
2092233
2133501
301028
5910121
231081
1462711
3476956
8529774
10540990
1147673
12281074
1996624
2136885
233784
311628
5682912
5833094
5833138
5833147
605638
701623
7277182
747401
810454
8322420
1088873
1421979
1744212
1982621
5832269
5832273
5832277
5832283
5832287
5833140
5833142
872776
11274800
2000815
2064968
274855
7316642
1459369
2107047
1198872
2120704
7279612
1341008
2067465
615278
640055
803791
1124617
1248982
206029
206397
2341653
236247
285612
424917
5974534
1547805
213264
273299
298681
303703
443844
7319126
8064395
1003552
1132558
1641895
2070000
2121410
218882
249328
260086
279469
282669
288751
7356688
1289423
5576128
1090595
1265724
2053495
2064301
2128433
236365
309513
481833
974134
14312151
999117
1244792
1449868
1541293
2116282
7303318
847851
1222968
219424
386548
1379829
1672024
235128
297512
848314
12310378
1428632
239488
241992
2498084
752666
921278
1740768
1740803
1970331
1970337
216801
246061
261987
284827
294655
303026
453541
5563744
630970
7899518
962634
1430348
1654086
1801491
303070
2125975
1310210
13749839
1463270
1534185
1570302
1986835
1987982
2082949
231217
271306
294052
378409
399675
5447031
678703
7320432
7321711
7354950
806376
981508
10386718
10386719
1412943
1461178
2064530
210653
2110508
3463480
452514
5568658
667283
815855
8264899
2091279
13665586
2046431
2094937
280680
286356
2125874
2125923
2125930
2126037
2126051
2126053
1007404
1081603
317709
226606
230875
2494609
5440925
5579491
2045250
10543032
10543041
1115934
1159169
12310250
12310259
12310335
12310349
12310358
12310374
12316338
12316357
12316368
12344996
12948478
1307391
13614955
13616149
13616303
13616859
1448391
5915567
1993416
2055680
208622
222665
223066
223981
236649
252754
254510
345364
452383
457110
524191
709116
7301267
7321512
762788
939399
995567
1027890
1088374
1128785
1157320
1172347
13764883
1625216
1625272
2180036
2180044
222054
252637
3489427
400481
403115
5674691
626525
1422096
2080903
648434
904177
1461391
228142
2494550
834432
1516369
1570242
302183
1011880
10220867
10323266
1051711
10542987
1057516
1068701
1076903
1096477
1096527
1096912
1107073
1135524
1149590
1214681
1230504
12310242
13068630
1337346
1341235
1341432
1351669
13588345
13616643
13781613
13841231
1397848
13989997
1431946
1599342
1641942
1707822
1750519
1785838
1787593
1988087
2005482
2046013
2062546
2074134
2099394
2113919
2116290
2125946
215400
217668
219039
222658
226333
232646
238751
2464117
2494628
2496487
252184
2550713
256189
259501
260203
270289
270545
2735627
276032
277739
280298
281048
283757
287329
288360
290146
293678
295549
297891
301289
306933
342020
381937
408359
420655
420672
453185
517163
519428
529990
533883
5563878
5578926
578831
5833763
5835088
5849010
595758
609363
625490
7134162
725708
7279776
7280148
7282270
7323235
7330221
7887764
8245394
833690
842388
8740515
8818791
8922737
901879
916943
924102
937468
1131816
1273543
1359892
1398586
1416700
14474283
1452635
1993587
2063943
356481
359745
503777
5442885
5837434
