1038302
246301
14880387
13844864
5683921
5837361
292875
13746490
313566
2825734
13741177
13741181
231539
270436
10562223
1383201
8224841
2494973
7953374
1090653
3535535
10355092
1171604
10736661
2046436
7990185
1066383
5562249
256056
254860
10076586
1317003
1309015
760361
10287659
10491266
10491308
10512701
305569
3464733
517206
593303
5974565
7321714
8070497
649982
10359822
1602836
392686
590489
7330898
1096951
5562258
5562262
5562268
5562270
247937
1003055
1133397
972415
424890
1262126
2167734
225933
489492
940822
1545614
1621677
1650931
1483465
8025317
990312
1079691
1158615
1436887
1532645
1595438
1712342
1716842
2063179
360343
385669
392055
392845
5562269
5568219
8316180
5735784
854844
976004
1022834
1189498
2251299
3488772
9079375
649956
1487126
650364
7279834
7990327
7990146
7990279
962175
1727162
2137144
381309
5735798
993970
624747
1473649
2063779
236021
1561739
1133017
5568214
754394
9150280
14389637
13881891
1607460
225976
1199503
1378933
1580220
7990324
7990328
242936
10291422
1265925
425245
9678869
3458550
1310395
1310518
14655535
2136885
5956311
1086603
1318899
359330
7990095
7990140
7990325
9679187
271546
1265891
1265981
1493079
1762663
1834052
208147
7990203
8704446
9678688
14582944
2176318
7489045
9671733
9672613
248132
8922737
1445040
5609022
2182499
7337071
11025727
14522298
2180042
995998
10419800
1356135
1544649
223443
243531
2918011
564354
7298345
435549
453541
686807
963929
1361282
8348385
994398
2214251
250674
7422443
9673249
9674745
9675884
9676309
9677286
9677823
294595
330901
769045
2093869
216596
286071
302353
9688206
1154262
13861599
1422974
2467593
2496528
2496532
4759702
4759759
7135308
10543090
1058111
1988865
2486841
450597
7326740
810580
2128147
450187
1254390
1690781
2062534
2077502
207762
2078144
2078688
251728
305230
5837550
5962303
923081
1065431
1066016
1124691
1268181
1334344
1468357
1637218
2052395
2070022
264342
396383
294509
300267
344548
415071
592511
701623
837164
847007
9129680
951609
990568
1050628
1530299
1590570
221307
1264863
1597611
206142
269602
278823
3464156
7313446
766329
8035058
9673105
1037426
1520057
2040404
423349
573953
5836497
635802
7328969
762337
883991
908321
947919
987282
1061067
10715240
1273726
1376735
13845307
1403721
1677732
1683760
2341623
243885
244041
3477907
460409
462391
623349
7839015
795909
8034007
1046996
714755
1011088
1011880
1028415
1038774
10404950
10543041
1066362
1067967
1068631
1069839
626393
1091918
1124645
1128373
1131621
1135739
1145221
1149022
1159063
1260770
1273460
1279739
1323019
1324502
1327186
1352502
13617522
13774650
1383583
1398757
1428063
1430924
1448071
1477528
1489504
1501582
1561594
1726551
2053495
206707
2067461
2070014
2070026
2070030
207112
207359
2077658
210851
2112862
2112865
2115122
2115125
213219
216624
2208021
222509
223059
230402
235086
237318
239218
243175
244561
245208
245296
246845
2550201
256516
263422
265707
270545
275711
276350
281802
285612
292614
294259
295377
301289
303460
306551
309597
312354
312995
352965
357549
375449
376430
399675
422905
436995
451705
451952
453223
453919
4770950
5415094
5451588
5451592
5451594
5451604
5451606
5451614
579674
606384
618292
674823
697736
709142
719958
7279828
7279836
7282200
7323485
798647
881104
903576
936083
941714
978471
1051812
1124966
1132583
1168906
1378102
1429378
14489123
2053436
2063436
2066259
2078048
2107557
2116012
239828
297853
3490050
5441709
5835738
587332
5896695
7279812
751856
7550047
7553985
7553996
812430
8544674
