392535
343728
1377176
1036660
10291422
1040834
1669098
1000507
665216
308831
1344095
2100885
10510236
2060476
2056017
1070660
307345
2089288
7275994
276762
253628
256263
9129668
1064066
1445040
242936
281061
5451638
7282197
2486841
217118
240963
269948
908917
649525
264342
291249
224348
1129277
1396561
245685
1051979
5451578
310799
12284316
1236036
961306
1340515
2062534
306069
1262928
650288
234733
305381
7325728
1436108
1299255
622196
7482479
1376160
473199
931923
13744049
265412
281990
429929
1057551
330901
866724
1087468
1072765
13758747
301766
553083
228424
1973003
505345
602367
9684721
2078144
290184
3468123
434413
7282454
9140076
245349
962175
1074588
7355682
1036301
1146106
959783
231384
2056276
272409
2064160
5956311
1204044
1107465
2077502
1042762
14655650
5451573
1530299
2115728
5959645
1330789
7281143
312446
7324528
9073440
953132
1072298
2118878
1322502
241194
1785838
398946
611372
955138
310835
2064018
2118892
2130190
397955
8704441
8730941
1207782
1823976
2069185
1161477
268909
294556
7323419
792580
792622
718378
1043560
624747
238375
287901
1387423
1462138
923081
962197
1062824
1140674
1253392
2066782
279925
1050628
205131
244913
320482
1218872
2847999
701735
917304
1111777
374810
635681
1035682
1361724
1357475
1638193
10291012
1316362
1363156
249301
390933
743746
1300505
1627277
1066676
1068701
2064786
266692
701623
818832
854844
941714
1091166
2083498
7276281
1018751
1159063
1625216
1625272
5674691
14612817
1000914
206441
893451
1120588
779251
924429
1122833
1124691
1149537
1309015
1324444
1428063
1432350
1985902
206707
2119036
212589
216624
220204
232885
237586
253381
255646
256516
313434
331279
399538
422905
461673
498223
5609022
579763
5831545
5837472
615807
654768
704068
921193
934962
961808
1117735
1175460
1422096
1620762
2078048
5947778
610167
812430
