298084
255980
10510306
1054496
7317568
235517
1686649
205798
2120696
213508
274085
331719
307842
310068
1000907
2070793
13749338
210549
2343788
2343786
2129009
2133530
230855
2488564
267876
270910
7279059
7281849
7317201
804428
609068
1560705
7280550
286736
1086574
241862
1220011
1292971
2116731
1682473
621003
282333
309147
211869
230819
232580
241238
274479
10525888
1059415
10736456
1075005
1081355
1109484
261500
1120051
1134917
1159325
1265300
1292317
1312337
217713
1358265
1628622
1982137
2066115
2066786
2099351
2074775
2117933
229952
234733
235749
241719
247660
2488096
253773
255319
258574
2775811
299779
517206
5957493
700829
7280638
1149563
233927
5070467
10210490
1600410
1239121
13619748
1387239
1436803
1540195
2546240
1627822
2044162
2044203
2065997
7298118
208784
2110412
2115457
2120811
2127939
236335
246173
249343
254136
257690
2595264
269602
281037
285520
290056
322439
533249
562363
627315
636255
7275829
7294371
7304975
7318559
288760
7997473
10420352
216112
7280633
5829475
7280636
456534
1308432
505808
7323359
2103690
226505
282427
292638
300403
330781
456170
4770952
5837319
610875
7280538
8677195
911417
1306864
454523
259972
262393
9129670
1126209
1486172
1002112
1267568
452153
1331435
204546
2112908
2112915
2112922
2112928
2122998
241463
267673
309711
343364
3458981
887143
990470
1827437
3464090
562841
938397
3486075
5955028
224269
3465085
640843
640890
955787
511673
240140
253176
255935
2632497
497973
7953580
1541725
1788950
353345
5885556
5911219
5955312
2193610
1387566
1985179
1390862
14407845
1511358
2118065
1268158
1460294
507783
708504
481976
5914707
838192
221610
310835
9073439
373312
821919
217127
222409
239943
280662
1721242
1332984
7920961
12701383
10220867
1991950
219881
231189
244093
749091
1210047
1391439
1520391
626707
1273543
482896
13784178
306018
14483397
1250801
14738810
2042504
2048332
2086608
260668
270155
279130
285507
502381
637931
8040596
885114
14503876
14554588
1496621
909602
