15702135
15800246
1735171
1739106
1739456
1739462
1748532
1749280
1751809
1751846
1751886
1751920
397562
411628
411648
522952
525394
526668
526683
539872
540247
540317
542702
542722
553421
559303
559316
574662
574693
574739
587998
591372
592127
592152
593150
605219
609325
609361
609659
629043
632499
632868
632892
643309
646494
678673
682297
682644
682699
693447
696476
697148
719955
723785
724314
724329
734623
737490
737540
737596
737603
850811
855450
855879
855903
867321
869338
870311
870341
870355
493534
10493936
10494899
1344679
5442514
205318
425244
14489481
1107073
1373041
1985680
278807
5834863
2066266
