2580143
13024508
13024805
7888742
300804
7900608
8133602
1984512
10435225
10435226
7926593
1279356
10019107
7378852
12259436
8239222
2573741
7544381
659320
10435232
7651327
8025229
8512770
8512771
10435221
10435222
10435223
10435224
10435227
10435228
10435229
10435230
10435233
10324664
1988905
1398911
2175315
3468353
2641575
2641834
2725999
364549
7379035
10019082
10019112
10019121
10019123
10019130
1063363
1279454
1279571
7388161
7422971
8468298
8916288
511495
397833
1385923
8051761
2589795
13927098
2558657
2705880
2938819
7304689
7986931
8310880
8468302
8539165
8539313
8539386
7304189
7348057
7378919
7544383
7900476
8000178
8000180
8545240
8556767
10435231
2544142
2544157
2544161
2544163
2544165
2544181
2544197
2544206
2544216
2544219
2544243
2544246
2544409
3468337
3468339
3468342
3468344
3468348
3468355
7473720
7473935
7474094
7474455
7474634
8512772
7378817
2573473
2573609
2573764
10417222
1050519
1083306
1205823
1210923
1235631
1247564
13008788
13667941
13896763
1418874
1463481
1634460
1694003
2143733
2143735
2175317
2884652
2200552
2274865
2275005
2620618
2622101
2679318
2679320
2679526
2679835
2725985
2726017
2726036
2964102
427525
7869089
7869092
8205717
8398765
8823349
8906374
9045967
9124486
9691601
10019086
10019093
10019096
10019099
10284008
10284011
10418472
10418474
10418475
10418482
10418485
10418487
10418489
10418500
10418501
10418506
10418507
10418508
10418509
10418510
10418511
10418512
10420106
10420194
10420220
10420235
10420279
10420298
10420300
10420324
10420325
10421076
10421080
10421081
10421082
10421083
10421084
10421087
10434476
10434477
10434478
10434479
10434481
10440755
10440756
10440758
10440762
10440763
10440765
10440766
10440767
10440771
10558289
10558290
10560672
10560783
12308510
12308842
12308871
12309225
12309250
12309281
12309313
12309347
12309412
12309482
12318582
12318869
12318911
12419272
12419346
1279480
1279599
1380537
13817762
13817957
13818085
612802
612829
7292696
7292698
7292699
7292755
7292756
736543
7393905
7393955
7394318
7394443
7394538
7394579
7394641
7394655
7400564
7400570
7400583
7400590
7400599
7400603
7400624
7400717
7400747
7400754
7400776
7424961
7426836
7428814
7430841
7447304
7457695
7490635
7490636
7490637
7490638
7501327
7501328
7517752
7580645
763881
7900723
7900724
7900725
7900726
7900727
7900728
7900729
7900730
7900731
7900732
7900733
7900940
7900954
7986343
7986344
7986345
7986346
7986347
7986348
7986352
7986353
7986356
7986357
7986358
7986360
7986361
8049914
8119324
8119349
8119399
8119405
8119431
8119541
8119542
8119543
8119544
8119545
8119546
8119547
8143951
8143985
8144105
8144206
8144278
8144305
8144394
8181176
8181180
8181194
8181205
8181224
8181270
8181317
8181322
8181375
8181376
8181377
8181378
8181379
8181380
8181381
8181382
8183037
8183071
8183074
8340571
8340572
8340573
8417670
8468200
8468201
8738820
888681
8916445
8916505
926942
9666228
9666803
9667253
9667986
9675415
9709396
9719289
9727789
9728381
1453267
13741311
8392612
10259392
13927106
7550112
7911236
8003604
8034732
8051601
8051752
8536719
8577271
2970902
10214904
10330796
10603135
1063965
1205709
12951982
13667949
13804927
13983452
14668641
1728054
2558735
2558818
2562824
2573576
2573582
2601080
2607279
2628687
2628809
2705887
2757479
2796291
2969183
337512
3456520
3472038
5689799
7377494
7544389
7856561
7888736
7939907
7939914
7946370
7986920
8031655
8137994
8239226
8239231
8281927
8526872
8526876
8539760
8742299
889346
8901282
10710319
10710324
9661119
10162669
10162672
10162674
10162675
10214565
10218382
10246627
10261556
10261558
10261568
10279152
10292469
10311506
12359636
13983776
13983778
1705299
1722159
1725816
1774546
315160
457245
490611
589950
7292041
7379116
7415939
7454033
7456158
7456299
7544374
7544379
7544384
7900374
7900478
7900479
7900481
7900482
7900609
7926599
8000060
8003710
8003717
8003718
8005022
8012682
8049910
8049913
8075526
8075684
8088596
8133389
8134586
8210150
8222828
8231971
8468293
8468357
8518798
8533567
8545237
8545243
8556776
8556780
8749340
8756954
8768486
8783603
8783604
8783607
8783608
9147200
9147231
10279167
10344464
357168
8142321
8142328
8142329
8142330
8142331
10046825
10051833
10053293
10104641
10227446
10227559
10227605
10227654
10227661
10227694
10228110
10236162
10254719
10254720
10254721
10254722
10254727
10254728
10254729
10254730
10254732
10254734
10254735
10254736
10254737
10254738
10254741
10254742
10254743
10254745
10254746
10285185
10292390
10292393
10292399
10304845
10305095
10305097
10305098
10305099
10305100
10305101
10305102
10305104
10305105
10305106
10317859
10317860
10317861
10317862
10317863
10317865
10317867
10317868
10317869
10317870
10317871
10317872
10317873
10317875
10323267
10323268
10323269
10323270
10323273
10323278
10323282
10323284
10339966
10339967
10339968
10339969
10339972
10339973
10339975
10484020
10484022
10530488
1078576
1104476
1153479
1154815
1154885
1154914
1155046
1167559
1167614
1167650
1167732
1181192
1185399
1185693
1185771
1209429
1223180
1225451
1226411
12318421
12318571
12318574
12318577
12318585
12318587
12318598
12318600
12318602
12318624
12318628
12318641
12318667
12318687
12318710
12318739
12318756
12318758
12318760
12318843
12318847
12318872
12318887
12318918
12318921
12318941
12318943
12318959
12318961
1237787
1237865
12433072
1250752
1253737
1271669
1277713
13009926
1319419
1333563
1362786
1379013
13817820
13896548
13896732
13926885
13926887
13926892
13926897
13926899
13926901
13926904
13926911
13926917
13926919
13927083
13927096
13927104
13927108
13927110
13927112
13927114
1431622
1463404
1463424
1463509
1463564
1463583
1463628
1463724
1490216
1541397
1574148
1593352
1593387
1593444
1593464
1593489
1593498
1593512
1593535
1593566
1593590
1593609
1634468
1782241
2143732
2143736
2143737
2143741
2143742
2143743
2143744
2143746
2175319
2175324
2175327
2269946
2269947
2269949
2274863
2274868
2274869
2274871
2274872
2274873
2274874
2275006
2275013
2275015
2275018
2275019
2275020
2275021
2275023
2275024
2275030
2275032
2541653
2541656
2541670
2541673
2541676
2541679
2541690
2541694
2541735
2541750
2541754
2541762
2541868
2545743
2545781
2545785
2545790
2545804
2545811
2545823
2545826
2545848
2545854
2545857
2545951
2545972
2550085
2550115
2550158
2550190
2550224
2550244
2550289
2550304
2550313
2550324
2550326
2550331
2551317
2551375
2551473
2551486
2551497
2551511
2551517
2551547
2551552
2551561
2551595
2551601
2551616
2551818
2551891
2551939
2552000
2552008
2552413
2552440
2552441
2552510
2552532
2552538
2552573
2552620
2552634
2552647
2552695
2552729
2552737
2552764
2552849
2552854
2570534
2570588
2570768
2572209
2572244
2572251
2572309
2572419
2573553
2573591
2573599
2573630
2573649
2573661
2573752
2574125
2574232
2574256
2574287
2574300
2574388
2574399
2576377
2583138
2583148
2583158
2583166
2583184
2583201
2583214
2583237
2583275
2583297
2584633
2584645
2584646
2584662
2584673
2584683
2584699
2584737
2585757
2585770
2585788
2585802
2585811
2585823
2585824
2585826
2585836
2585838
2585845
2585855
2585861
2586238
2586333
2586567
2586570
2586583
2586602
2586604
2586607
2586608
2586617
2586622
2586625
2586634
2586639
2586642
2586648
2586658
2586663
2586686
2586703
2586721
2586739
2589736
2589787
2589814
2589815
2589823
2589825
2589848
2589855
2589874
2589907
2592553
2592604
2592621
2592636
2592644
2592655
2592681
2592719
2592724
2592741
2592752
2592779
2592883
2592908
2592930
2592985
2592990
2592995
2596928
2596935
2596944
2596964
2596993
2596997
2597017
2597026
2597037
2597055
2597087
2597089
2597097
2597134
2597151
2599953
2599986
2599989
2599994
2599997
2600020
2600026
2600028
2600043
2600061
2600063
2600093
2600137
2607003
2607008
2607020
2607028
2620468
2620471
2620537
2620585
2620617
2620644
2620648
2620682
2620983
2624683
2624729
2624734
2624748
2624764
2624768
2624769
2624790
2624804
2624826
2624857
2624900
2624940
2627667
2627699
2627725
2627915
2630115
2630123
2630173
2630175
2630177
2630186
2630189
2630205
2630237
2630250
2630277
2630324
2630325
2630341
2630395
2630401
2630631
2630639
2630647
2630713
2630743
2631197
2631228
2631272
2631279
2631282
2631316
2631325
2631327
2631354
2631356
2631402
2631632
2633214
2633901
2633998
2634040
2634043
2634069
2634105
2634106
2634113
2634149
2634205
2634213
2634303
2634374
2634392
2634394
2634396
2634415
2634417
