2342863
235725
300804
273993
511362
511495
296696
511408
1392919
223901
1332939
235874
511347
10230112
14958527
2498024
962098
604215
10405795
1533430
10494451
228393
14860144
7472683
281452
2498005
248482
281165
1542572
923291
961350
13894386
2342869
12437177
13026262
1445206
929477
5414329
5414371
14953065
1147610
511703
259157
10995527
928468
223432
278257
1970060
920502
1250398
10308670
511762
1094210
1117275
4802618
590837
13744049
1991732
280675
5723812
607058
465867
1051979
886611
234757
5414327
238746
1558271
322285
681130
2494331
250327
970403
844889
1208444
12427797
215992
301693
312839
2477706
306723
1048083
217989
274469
5441445
883908
13987358
1075568
209704
1388258
1800190
1993979
5552765
5974579
7352697
5414353
1299306
511732
1385923
2577705
360682
511454
4770804
289643
299420
511808
225069
227912
269493
1038413
10390701
1427423
1025266
276611
1588912
994989
2094254
280930
1525534
284905
1184917
222708
293745
297476
2043331
1589993
2487602
2055529
486733
2002964
14328848
206536
211713
919892
14550445
234240
292394
10420213
1282016
1300954
13987356
222430
301369
312005
7888366
10493707
12279596
1357564
2050667
263916
1094335
1769908
1973093
2066619
625205
933461
934667
1044213
1998551
2083677
2342867
268464
269004
310065
344359
5836841
5838929
5868448
5958145
694458
2073770
1369427
1412220
2342865
234851
248295
584119
1108677
2112639
294463
437755
932707
1192215
5442885
1277134
1411495
288754
815156
1598510
1013957
14284083
1463563
2004925
2129790
287183
2091649
222409
231864
241166
255636
293861
486422
5414357
5835566
847496
958882
989554
1593202
1973091
264893
265722
1984108
441464
2000752
1523179
1985521
707605
2005873
1006808
1291599
1548123
658262
14497847
1999130
900205
1002077
1066658
1088735
1221354
1299051
13989905
1679682
220790
266102
362664
599725
843328
227091
268896
2905443
310004
330907
7303168
810146
1117742
1452749
1539772
1987982
268305
301249
469546
626385
962164
2046443
2056587
2073772
3462593
1969696
1990093
219484
252211
283751
298396
5676287
8022487
8512235
204546
231971
314050
605722
621000
727359
955785
1191897
1665008
229655
230191
237042
247557
248927
2496538
250746
265178
268718
269720
272333
287656
3451496
483852
10501414
1212492
12272158
1253815
298924
1435363
1220613
1997923
211123
216112
246881
251612
317202
3451517
531930
605975
773427
825858
950024
1125208
1556900
2269906
924945
1440998
1995992
5957989
5441449
7922845
1108384
1281903
1344679
14474244
296970
412390
1997688
2208938
382741
7325111
880983
1516989
13608724
5739051
7274413
890206
861126
1039362
1108831
1165504
1196379
1372824
13987360
13987368
1593799
1709805
1764785
1996056
1998768
2104127
216080
217222
228054
248720
250442
258870
278398
340627
529712
584087
707193
7276957
7333205
8248397
905159
741165
810188
1142364
1528489
1632384
2041512
225322
251071
2684959
288635
304675
3557974
5838557
583938
892434
1108566
2100741
509476
5442776
868963
1000937
1044053
13665049
1410539
1723158
226444
233822
262617
636832
596866
854753
885426
1131816
1420199
2054107
214372
449474
606867
1490278
1490377
1490468
208450
227040
240523
246562
302753
413834
458313
741196
11053915
1310424
2073846
2463232
439065
5675336
696026
1797801
204269
2057267
248157
272607
284314
308877
459587
602531
693143
7275625
12358608
2005482
229568
238751
277253
1475948
1816213
256887
268038
838578
857972
906526
1008955
10242064
10510674
10551719
1127502
12440249
1251426
1273543
1290925
1309547
1312764
13992137
1603801
1635702
1699617
1991036
1991585
2042527
206792
231991
2342873
245569
250459
255207
257152
261966
2805949
397653
408261
503280
5441443
545003
5949941
595058
627778
7317367
7329576
847346
892911
970374
1063780
1098118
1131769
1132056
1147039
1220801
1263203
1421253
14443570
14491645
14705777
1480811
1993587
2048336
2080904
263464
341559
453127
5544899
5895812
5907972
5908653
740866
741139
959883
1739752
248219
306417
205584
280103
302772
234956
