10282165
14027864
14151180
14151358
14158114
14741749
16153251
16156233
16156257
16156261
17262696
1797277
21931790
2218494
2218500
2218503
3486037
7383501
7389530
8072208
8368524
879040
2223598
444836
495999
655275
7384084
7385577
7653653
8139319
8368523
11264175
2218493
3486038
3486042
3486044
419102
533625
548867
550049
5548746
5548755
5560122
654985
706289
7353672
7353807
7355719
7355784
7357007
7359618
7384293
7384294
7385574
7385575
7478459
7527055
7581820
8014760
8035027
8139320
8565215
8565219
879188
8943623
8943625
10604038
14450411
1029646
10358419
1067659
1073124
1150363
1182003
1208285
1217549
1276293
1324579
1328230
1347164
1477863
1489146
8697723
1611123
1630990
1652322
1721734
2178210
2647218
2647333
2647361
2647942
2647977
2647994
2647997
2648000
2648051
2674953
2699007
2699179
2897823
2927357
3481261
440391
772569
5722897
5871373
5883332
696783
7775497
7895332
7895343
7895464
7928791
824057
8320159
8459687
8743023
9108909
9108910
958210
