2701146
7447411
7575647
8787928
8836304
8883075
8884009
8081401
14852951
1547183
2578116
2667371
2929069
7542155
7543291
8032448
8032449
8118694
8589206
8718664
8802710
8819475
8823777
8843496
8896694
9691591
9695547
9695627
10091533
10219873
10222363
10418307
1052782
10561652
1083095
1161661
1375659
14852949
1511255
1513365
1531819
1633574
2166319
2539272
2578155
2667947
3456011
3456012
3456016
3475314
630258
7390712
7436692
7437999
7509245
7552359
7552560
7575613
7924862
8003683
8080892
8258584
8348900
8348901
8350168
8468244
8589217
8705164
8786706
8820967
8866910
8884734
9280743
8081475
8081477
8081478
8081482
8081483
8081486
547368
13929448
10040648
10070685
10110851
10216694
10219730
10222392
10226053
10236238
10236315
10236507
10236638
10236771
10261499
10265513
10265519
10272372
10273083
10283466
10283469
10288823
10292580
10298257
10301489
10304795
10311564
10344609
10344627
10349122
10418303
10418304
10418518
10418531
10420920
1044040
1046089
10479709
1050253
1051957
10559965
10559978
10561222
10561417
10561643
10561651
10561654
10561706
10561726
10561729
10561868
10561918
10561937
10561939
11056936
11124109
11275738
11275739
11300441
2691736
1195465
1322664
1198252
1730127
1210494
1210557
1228574
12393427
1240340
1247226
1262943
12877451
12877550
1323868
1348400
1349113
1351889
1361957
13702511
1375730
13764386
1376655
13804729
1384502
13845442
13966732
13969979
13981577
13981587
1467188
1467795
1468047
1476072
14861245
1491920
14945078
14951381
1513300
1528844
1535940
2177213
1567264
1581370
1723484
1734742
1749179
1749272
1774102
2146356
2147559
2152372
2174975
2196526
2210240
2215149
2217433
2220548
2246051
2476928
2541144
2544124
2544254
2545035
2553495
2554489
2570084
2578078
2578126
2578148
2578165
2583924
2584648
2610444
2614514
2647358
2654379
2667431
2667510
2674434
2674952
2675023
2686745
2695158
2700997
2703034
2703315
2711115
2745282
2745393
2752009
2769107
2770073
2782309
2794174
2794502
2803011
2811837
2816756
2846163
2850578
2863354
2869712
2876911
2891279
2909499
2927885
2929585
2932960
2937277
2942624
2945464
2968308
2970569
2971063
2971736
323164
3456010
3456018
3456019
3456020
3456021
3457175
3464585
3472001
3472005
3472121
3478649
3478651
3485525
3488707
390095
402247
431516
440642
441275
473576
504629
526035
526048
527124
5504943
5511935
5511943
553793
556428
626017
670341
674490
7185638
7292472
7292786
7293076
7303658
7303666
7348384
7366569
7371407
7376599
7379375
7390714
7392562
7405619
7405745
7423130
7424331
7432892
7442131
7454189
7477787
7497976
7521797
7536424
7537478
7537548
7538047
7542161
7542254
7550352
7550781
7550840
7552442
7552502
7553353
7553744
7553827
7554400
7574010
7575646
7655138
7870554
7873948
7877577
7888516
7896894
7912418
7922936
7926522
7926526
7926532
7988860
7989097
8016090
8025604
8031678
8032404
8035145
8042823
8042862
8044447
8057827
8071317
8079922
8094047
8097591
8103962
8119785
8119990
8127006
8140198
8151137
8194134
8196134
8212105
8214207
8214208
8214209
8214215
8214404
8223057
8223073
8264994
8310624
8316198
8316286
8320160
8321638
8323623
8348660
8348742
8348805
8348853
8350161
8350166
8350167
8350169
8536610
8536612
8554713
8565867
8581907
8589202
8589207
8693012
8696073
8703684
8718491
8719170
8720095
8722590
8722919
8723876
8756826
8767047
8767525
8769062
8770126
8778209
8780061
8783440
8787572
8788072
8790791
8790814
8796828
8802701
8814164
8819474
8832361
8853751
8853839
8859860
8866009
8876109
9067150
9145012
9175590
9326726
9640096
9685139
9723090
9876015
9877355
9882331
9882345
262593
13749404
1395513
1437046
1615937
2044207
2074781
2129013
234601
540273
407200
2044192
2120815
820393
211536
7282144
1355934
14732931
2928170
1048457
1110513
2116700
233212
240860
242679
2927922
967941
2116814
241238
342423
3458687
1001789
1001804
1248930
10047577
10047811
10051844
10053281
10055602
1006911
10070734
1007626
1007724
1007766
10094598
10104284
10170341
10170344
10170346
10170352
10170357
1017589
1019047
1019959
1020474
10212784
10212789
10212795
10212801
10213192
10213214
10213290
10213338
10213405
10213425
10213969
10214349
10218649
10219539
10219903
10219908
10219912
10219915
10219975
10220734
10220895
10221018
10221189
10221197
10221343
10221827
10222042
10222209
10222661
10222665
10222666
10222669
10223209
10223381
10223398
10224783
10224802
10225858
10226518
10226690
10234655
10234663
10234695
1023628
10236339
10236520
10236560
10236688
10236748
10236752
10236781
10236784
10236799
10237128
10237135
10237475
10238214
10246122
10246129
10246610
1024737
10248979
10249493
10249494
10251682
10251697
10251939
10251943
10252132
10252184
10252185
10252186
10257375
10257407
10257502
10257883
10259666
10260158
10260347
10260351
10260353
10261134
10261530
10261642
10261644
10261717
10261718
10261801
10261816
10261819
10261821
10263061
10263815
10263821
10267823
10267903
10268049
10268735
10268741
10268744
10268771
10268801
10268804
1027046
10272220
10272260
10272511
10272742
10273026
10273100
10273353
10273360
10273576
10273579
10273604
10277404
10277846
10277851
10277855
10279109
10279600
10280257
10280418
10280420
10280423
10280509
10281716
10281723
10282036
10283839
10284103
10284112
10284114
10284152
10285173
10289361
10292335
10297903
10298082
10298084
10298085
10298187
10298190
10298200
10300319
10300391
10300395
10300396
1030058
10301793
10301798
10302246
10302330
10302361
10302364
10302406
10302410
10304773
10304827
10304853
10305476
10306923
10307403
1031142
10311544
10313346
10313347
10313348
10313350
10315782
10315951
10316239
10316559
10316562
10316565
10316645
10322415
10324175
10324179
10325052
1032806
10330029
10330035
10332414
1154713
1034282
10344616
1034580
10348187
10348190
10348199
10348202
10348207
10348218
10359167
10359396
10359398
1037342
10396954
10398707
10399065
10399067
10399177
10399178
10399179
10399181
10400045
10400801
10400802
10400804
1040230
10409656
10410014
10410021
10412132
10412138
10412675
10412683
10412710
10413796
10415232
10415236
1041660
10418230
10418273
10418274
10418278
10418524
10418537
10418633
10420952
10438811
10440665
10440714
10443933
10443934
10446336
10446607
10446624
10447460
10447580
10448436
10450349
10455771
10455774
10457479
10457519
1047475
10476075
1047899
10479713
10480205
10485924
10486001
1049461
1049740
10527844
10528677
10529323
10530793
10533830
10538736
10538910
10538946
10539090
10539096
10539106
10539121
10539412
10540187
10541024
10546671
10556664
10556668
10556802
10556870
10556948
10559942
10560038
10560077
10561047
10561083
10561115
10561308
10561537
10561712
10561777
10562493
10596935
1062338
1063333
1064602
10651360
10651455
10707250
10707753
10707801
10709326
10709327
10709339
10711108
10711153
10711154
10711157
10711161
10736913
10736943
10736965
10737077
10737126
10749050
1104665
11058038
11093412
11100719
11101504
11105891
11109771
11129091
11134199
11138966
1117896
1119890
1127077
11277113
11281009
11281084
11281208
11281795
11282880
11283256
11285093
11285644
11286754
11286923
1128789
11300497
11300498
11300501
11300503
11300504
11302540
1131176
1133079
1133093
1135013
1135220
1137588
11387322
11387327
1140196
1140988
1140999
1141616
1145444
1146149
1150831
1150957
1153813
1155509
1156994
1159113
1160886
1161178
1162249
1164950
1167981
1172167
1172597
1175907
1177986
1178738
1182303
1184842
1187665
1191651
1191711
1191812
1192211
1192245
1193019
1193126
1194184
1194920
1196325
1196988
1197483
1204048
1204263
1205059
1205183
1206054
1206403
1207636
1208036
1210239
1211513
1211566
1211901
1215639
1218997
1220587
1227571
12287413
1228778
12288785
12289305
12308242
12308297
12309088
12318316
12325197
1232575
12330975
12331173
12331176
1234242
1235129
1235691
1236302
1240279
12414546
12419022
12425308
12425348
12425802
12433892
12433896
12433898
12433987
12433989
12433994
12434187
12434276
1248032
12486128
12486182
12486310
12486488
12486593
12487124
1249833
1250281
12511067
12511215
12512952
12513056
12514161
12514840
1253632
1253896
1256852
1258095
1261278
1262432
1262828
12637571
1264475
12646697
12647103
12647105
12647123
12647128
12647245
12647450
12647457
12647463
1269238
1270524
1270532
1273490
1273573
1274809
1284105
12845972
12855008
12855476
1286207
1286810
12871440
12871508
12871549
12871552
12872016
12872066
12872076
12872136
12872175
12872682
12872812
12872813
12872818
1287433
1287514
12877551
12877561
1290330
1291566
1291963
12950110
1297663
12995775
1299594
12995977
12996788
12997590
12998728
13001073
13008059
13024711
1302762
1304351
