10094397
10219914
10220734
10221179
10221180
10221181
10221183
10221185
10221188
10221189
10221191
10221193
10221194
10221195
10221197
10221201
10221202
10227747
10236282
10236733
10236734
10236735
10236737
10245528
10246575
10246792
10247283
10252156
10252164
10252183
10252184
10252185
10252186
10252187
10252188
10252190
10252192
10259162
10263868
10279074
10283974
10285174
10285179
10292509
10297691
10297699
10297712
10300384
1031142
10316562
10330029
10344459
10407848
10411034
10411397
10411402
10411408
10411411
10412042
1041660
10446336
10446984
10457481
10473003
10485907
10486000
10558453
10558454
10558456
10558457
10558458
10558460
10558461
10561354
10562880
10562884
1062754
10709326
1072840
1073002
10737062
10737064
11124109
11129091
1125568
11276969
11277262
11280388
11282279
11283254
11284405
12309095
12412928
12419140
12419336
12486083
12486128
12486444
12486681
12486747
12513410
12639546
12647124
12647457
12647470
12871563
12871565
12871600
12871607
12871631
12871739
12871744
12871841
12872016
12872017
12872018
12872026
12872032
12872034
12872060
12872062
12872063
12872076
12877451
12950526
1298783
13007505
13008061
1326881
13594329
13673361
13673391
13673399
13673494
13676993
13734210
13734212
13734215
13736762
13843975
13848868
13848937
13849114
13852884
13852888
13853053
13853101
13853104
13853105
13853171
13853206
13853209
13853212
13853233
13867622
13893690
13893705
13919563
13939254
13966015
13979255
14188878
14281753
14456501
14456562
14456645
14634527
14737194
14843375
1485613
14897488
14898305
14923958
14951345
14951732
14951736
14954268
1523340
15307792
1541422
1565554
1594822
16428899
16404535
1648317
1706074
17279029
1765289
1823923
1823937
1823950
1823953
18241968
20571203
2166456
23147119
23157215
23157217
23157219
23157233
23157235
23157237
23157239
23157245
23157251
24019976
24019997
24295445
24295463
24626269
2539891
2541166
2542908
2543393
2544359
2544984
2545008
2545010
2549420
2551370
2554431
2554450
2555162
2555820
2556002
2558991
2560016
2560081
2560172
2561427
2564817
2564831
2564875
2565388
2575902
2577366
2578306
2579455
2579531
2583924
2584020
2584594
2584710
2584717
2584736
2584779
2584791
25867994
25868003
2587239
2589933
2589943
2589960
2589976
2590323
2590423
2592006
2592731
2593724
2595234
2595283
2595306
2595313
2595341
2595347
2595413
2595451
2595452
2596660
2597995
2598001
2598226
2599376
2601122
2601288
2601750
2604204
2605101
2606599
2608113
2612291
2612371
2612394
2612414
2612449
2614498
2615813
2615930
2622398
2624329
2627357
2627728
2629205
2630541
2630574
2630638
2630656
2630667
2630696
2630697
2630722
2630799
2630846
2630897
2630914
2631039
2638762
2638778
2639122
2642939
2644221
2649802
2653326
2653347
2655077
2655451
2655472
2655478
2655506
2655520
2655594
2656440
2656447
2656469
2656482
2657842
2658022
2660164
2660623
2660676
2660714
2662444
2662463
2662475
2662827
2664570
2664987
2670611
2672918
2673445
2674545
2674559
2674579
2674708
2677129
2677141
2677197
2677205
2677214
2677263
2682620
2682651
2682712
2689097
2690555
2690712
2692282
2694667
2695600
2695701
2696251
2696417
2699070
2699123
2699126
2699136
2699204
2699245
2711006
2716783
2718861
2718870
2718934
2719026
2719169
2719940
2720126
2725333
2725463
2725542
2727936
2727966
2727986
2730733
2730935
2730990
2731069
2731076
2732798
2733696
2733888
2735666
2736426
2739734
2746972
2746980
2747018
2748225
2748846
2750953
2750971
2750983
2751005
2752604
2756105
2757418
2757437
2757568
2758512
2760830
2760859
2760864
2762944
2764498
2764504
2764512
2764527
2764556
2764576
2765516
2765523
2766174
2766195
2766307
2769398
2773869
2773923
2775342
2778816
2781544
2781682
2783517
2783662
2783814
2783830
2783832
2783848
2783990
2785053
2787377
2787982
2788271
2790961
2790995
2791021
2792559
2796618
2800153
2803554
2803714
2813616
2813645
2813753
2814077
2819113
2819291
2820349
2820377
2829280
2829480
2829556
2829562
2829606
2829634
2832120
2832140
2832147
2845037
2845562
2846106
2847646
2855631
2855779
2855792
2856366
2856491
2856549
2856636
2856637
2856674
2856707
2865288
2865369
2865389
2865442
2865656
2869106
2869118
2869163
2869307
2872278
2872530
2876764
2877957
2879410
2879481
2879526
2879542
2879548
2879562
2879573
2879604
2879619
2879657
2879767
2879792
2880292
2880309
2882243
2882904
2884543
2889644
2892325
2893493
2905102
2905213
2906221
2911307
2913821
2914050
2914663
2914821
2925800
2925824
2926017
2927746
2927917
2927938
2928090
2928513
2934309
2934358
2934450
2934491
2934515
2936041
2936053
2936063
2936176
2936256
2936422
2937964
2938565
2948782
2948871
2948935
2949024
2949148
2949488
2952702
2952794
2953196
2957036
29584045
29584052
29584113
2961723
3456195
3456202
3458348
3458744
3458748
3458752
3463084
3463273
3463275
3469653
3470850
3471411
3471419
3471420
3471421
3471422
3471425
3471428
3474366
3474367
3474537
3474540
3474541
3474542
3474544
3474546
3476896
3476901
3480465
3483382
3483383
3483390
3485686
3485694
3485695
3486356
3486359
3487252
3487253
3487254
3487255
3488135
3488395
3491223
3491945
405732
424402
428469
431745
431775
437272
484686
534855
5479443
5481937
5501033
5529130
5529131
5529132
5529133
5529137
5529138
5529153
5529154
5529156
5529168
5529172
5529173
554837
556287
567124
580061
626468
6557934
661585
669697
705745
711759
7291137
7292236
7292565
7295181
7304703
7315449
7315456
7315461
732125
7355921
7356588
7358200
7359747
7377798
7377920
7384795
7384797
7384807
7384811
7385819
7387164
7387190
7387198
7388754
7388760
7390669
7390675
7390683
7403899
7403900
7403978
7403985
7403987
7403992
7403993
7403996
7403998
7404008
7407045
7407055
7407061
7407062
7407064
7407068
7407074
7407075
7407084
7407088
7407454
7408249
7408250
7408778
7409221
7409372
7409939
7412077
7412935
7416849
7418984
7418996
7420828
7421551
7422967
7423580
7424249
7428808
7429139
7429770
7430838
7437315
7441772
7443608
7448071
7448158
7451002
7452033
7453307
7454088
7454836
7456154
7459643
7482455
7486885
7489351
7489352
7489354
7489355
7489356
7500539
7501546
750655
7508907
7513262
7515392
7515396
7516285
7516359
7516364
7516365
7516367
7516371
7516373
7516375
7535222
7544669
7544672
7544675
7544677
7544682
7544694
7546730
7549529
7553276
7553515
7565935
763777
7650457
7652232
7652235
7657834
765845
7666059
7674148
7683870
7749994
7749998
7749999
7864939
7865936
7865938
7865941
7865944
7868556
7910977
7920640
7923002
7923004
7930682
7930697
7935390
7938304
7938317
795627
7973173
7980475
7994748
8000199
8000207
8000763
8005633
800931
8011594
8029169
8029175
8029270
8029288
8029352
8029386
8029392
8029401
8030819
8039902
8042536
8045775
8046328
8049047
8049708
8049709
8052450
8053322
8055362
8062280
8062292
8062348
8062352
8066496
8067887
8082368
8082372
8082380
8082383
8082394
8082402
8082403
8086011
8087257
8092088
8093542
8099699
8101448
8101453
8113518
8142310
8142313
8142314
8145702
8148401
8158888
8159403
8159405
8161988
8162014
8162015
8162025
8162321
8169725
8171007
8171214
8186326
8187997
8188009
8188177
8188324
8188327
8188342
8192475
8192681
8192694
8192695
8192702
8192708
8194818
8197223
8202159
8202771
8206038
8206039
8206040
8206044
8206045
8206046
8206047
8206048
8206169
8207302
8208199
8208429
8208430
8208432
8209456
8210304
8213138
8213153
8219975
8219977
8219978
8219981
8219982
8219984
8221930
8229210
8232084
8232086
8232087
8232088
8233347
8236299
8236302
8243007
8249478
8249484
8251227
8253971
8262357
8262432
8262433
8263296
8263512
8264242
8264417
8264422
8266954
8274460
8302644
8307534
8310515
8310672
8325430
8326584
8342939
8342943
8345710
8385605
8392241
8392579
8392583
8430108
8518061
8518067
8518069
8522203
8532694
8532697
8532700
8532740
8532742
8532743
8532744
8532745
8532746
8532747
8534585
8534590
8534640
8536822
8540716
8548779
8548781
8548785
8548786
8573928
8577018
8579947
8579954
8579957
8579960
8579962
8580926
8580929
8584951
8686083
8688117
8713013
8716101
8722295
8722820
8724397
8725242
8728239
8731272
8731854
8733921
8734405
8738780
8746688
8748551
8753069
8753234
8756714
8756718
8756915
8761225
8769163
8772291
8778391
8778395
8779147
8796934
8802286
8804339
8805661
8805663
8805666
8820266
8830718
8830722
8830724
8837103
8840749
8848067
8852398
888681
8916895
894722
8958103
