7280647
2047078
7472346
298084
252832
10420352
5440931
2047051
1465240
469305
560556
7534822
7280547
5684074
1036660
5901634
309610
7318365
308840
1003267
205272
1192589
476441
1233566
1302451
1361801
242020
248720
293728
238200
555826
905126
1606960
7410303
1005419
2087712
1196404
12327332
282928
2497981
210151
266175
282427
300403
456170
456534
555760
5957509
7277979
1729128
377669
1272888
1352645
1556356
1786078
2076482
2076484
253942
265365
265446
267826
272492
588379
605692
1122572
2182549
305552
7280550
1033765
2161983
2161988
3458141
1525670
7413123
2054238
7275829
13612667
8698477
216138
222873
225933
248363
258542
274225
279429
423302
275225
352633
391980
708634
419650
890041
10543090
371502
3483428
1281961
2888474
8765344
1081287
273129
594698
661778
2110038
10323255
8520037
10419800
10542987
10543032
10543041
10543046
10543119
10543129
3458156
8922737
2110805
2052203
3457059
1268205
843921
972591
1050054
13744909
1999187
266630
5414357
2063985
2198589
1452455
9650318
