247937
13801146
769377
1520757
7316465
10405795
938921
10509856
10509918
1337314
2065932
235725
13556491
271352
290777
276544
2066774
266069
379455
8595804
2498024
414915
1329512
1000860
332405
5957631
730117
267878
7472391
1169888
12285199
595456
7319871
7472372
2342863
560773
13766598
1166063
286087
305927
13139680
313566
7316459
7472339
1281008
4709300
292875
8460569
560832
386615
210549
7303681
1494876
2494989
5451608
10546881
12284767
205796
338615
3471848
223539
13740833
273993
13894353
1335210
13139228
1669098
10288276
10287598
13066523
1001402
1337276
526046
13065373
285827
10287936
2084651
221917
252352
1323128
245231
296767
340550
7472329
388144
13744044
207652
5070467
537345
7589352
13758614
2494973
279139
7471894
10510091
1332939
5836399
13586936
1508950
2498009
268885
293153
692845
4770958
10366368
295413
330840
5069784
7918215
10288248
2341660
5829481
288436
8322233
292748
379425
7678710
2123243
7279810
1754563
7472346
12949082
9630330
2494977
5440931
7280645
961320
962098
13066503
13677494
1723247
2498007
250280
5608958
7472411
13665127
2132820
2496530
271446
300382
7471919
13586932
1737110
259161
11276181
7471916
2085803
5561995
604298
13724164
13764890
5974528
213411
12273606
13875463
10490382
10556112
5837534
9630301
10554229
5836508
613941
7945296
2496519
2494979
264792
7471942
2058121
400870
13870943
5838751
961350
2498001
1248819
526083
8867095
1423407
1090700
2494811
13588345
1355551
2494611
3455065
5414329
12518432
2496522
518715
219294
5413469
10420350
1362526
13766547
1723283
237474
2498005
2047054
304367
2498017
4770769
5844657
13989896
9630382
2498003
281165
537383
7276963
13744039
1422954
2494971
260666
5441688
6187809
712948
10546891
12310358
13744909
13758435
265543
1792055
2058117
7139055
7279776
10546883
1208295
13890316
1792283
234165
334249
5568639
732671
13556677
13750981
2102679
2494983
689501
10545598
2342869
730280
12753599
13900807
1651603
432666
13363105
843260
13907281
1490314
2494624
730219
9630832
10420352
13801085
2496526
9412866
1404672
281452
10512783
2498013
5838518
7280633
13056269
526261
1414241
7472812
10389522
12596082
1471458
1723184
2582994
526109
628297
12427797
893349
2342867
452510
5414325
743613
1060250
2058109
2498015
460201
518681
1618397
814840
8596155
10287973
1055770
267067
5568633
730341
10287791
13744283
230624
414846
10419800
1234692
13685350
1424226
1490504
1539772
1648631
2087712
212160
282901
5414339
7281849
743543
13138984
7534822
555760
13626534
5414371
701576
7279693
7471902
8677565
212325
243999
332717
5837340
5838335
7280638
13744023
2058107
5833116
5949761
10237132
1827429
5453560
5832271
13588375
13766563
215352
5413463
5414341
1155749
209225
269661
332601
339104
5070121
579737
584059
641433
681130
215001
10354903
1079264
12314155
1970055
1973068
245685
2497984
379477
3938581
511362
1615816
2494403
278022
5440929
5833154
701701
1207095
13065396
13065450
13743450
13805774
5838997
7340139
2494464
3028857
560556
5845126
692264
9129664
2087706
592271
613924
3489416
1248876
1559023
269254
297349
454580
7472823
7590595
13743528
13841404
2123396
2497981
258932
13989891
10308670
13138928
1337378
1824107
250409
270306
291474
3456413
5414327
579598
609839
7324526
1066383
12324726
13139079
2498019
614039
1337289
1372864
209538
240791
283396
406662
7135510
730722
3489420
1101088
11059763
1426904
1485889
1600905
2066772
2113236
2123240
225754
238144
239733
242343
5829470
607058
676791
7375288
7576307
13989905
13764883
2062521
232144
379404
283636
489659
13748073
1541590
2494961
255736
607250
7133024
7350486
13619779
2058115
1339090
1790591
3456398
260685
266074
280675
2850687
380920
398705
405774
5413493
5837319
628378
2085559
263950
293918
1552907
938925
10550792
13744028
1395255
1498010
1752224
1970051
2058119
2496397
254347
287254
4409626
4770952
5684074
579525
5835770
746209
7590163
7944661
889343
13806744
218591
5966282
1207639
1312018
236989
289135
404129
420645
559581
5954437
641045
816307
923291
13745236
379504
489574
692185
7328681
13583855
1405316
1707574
1729128
205633
2091017
225912
230358
395459
5568647
5827209
604313
9285649
12410824
13890321
1429293
1687003
2071028
519944
10361059
10491660
13139775
13841418
1648681
210360
224800
256862
281915
365709
5563762
579489
609575
692125
7144261
7303873
2676862
412905
1068322
1282055
1282118
13065507
13677424
1368741
1404972
1538453
1973061
2017680
2083473
240761
301629
5562158
7477743
482961
12523585
1340534
1519980
1601896
1624398
1970057
205329
2157472
235571
2494603
262139
271496
278338
305569
3464733
347033
3564307
4759723
5440939
5829466
7944643
7944648
846409
1394454
452153
5957509
8322191
1009116
11053888
1250829
1648635
1751463
238716
311019
4759782
5831545
5833138
5838829
8242466
10491308
13942603
1448590
1471865
1566970
1588593
1614925
213507
237351
2494449
291406
301827
380564
537304
5440925
5678341
5835891
5838111
606969
649705
675442
693896
7288930
7323359
7483033
8516159
867712
3454716
482847
511408
1296241
2093871
220161
220457
222419
260471
383165
474199
521817
5563731
619013
9193074
10237128
1992869
518671
5682388
743599
206712
2076482
248014
306263
3535457
5413491
5440933
5607079
590548
640894
715317
1339063
2113228
259800
2665184
5414353
859079
903775
13622425
13902500
1521946
216513
218177
289733
313200
382109
701756
7288779
7590170
9308757
962559
1278887
8020176
10550805
1991703
2494331
278416
5723856
649658
7475543
8245394
8695123
1455360
2054849
248800
258993
511703
5414351
1039592
1077385
1341084
1794373
1799519
226121
239646
256557
264966
272252
301036
302960
429761
537401
5677680
590489
1243302
207372
5414355
5842348
604215
715378
1018392
10219333
1022476
1117305
1305686
13758608
1405216
1427201
1765060
2044228
2044731
226835
239199
240789
2497978
250327
286984
334313
4016346
541044
5974497
7282411
729555
1524342
406482
10131012
1094227
1116667
1158134
1208444
12279257
12394638
13665704
13740840
1500204
1614854
2103674
2180049
222305
236393
238200
243955
259869
279130
302264
304924
405677
502381
555332
5676288
5974565
7280641
7303168
7321711
9632999
1241900
1404602
1766380
2066784
281037
284588
358005
5842177
777487
8021265
1003055
1033055
10540982
10550789
10562829
1077896
1092396
11053895
11279507
11279702
1160861
1230994
1274083
13056276
1365307
13736192
13765838
13895120
1405864
1509350
1526015
9150278
1639296
1782303
2004925
2046963
204816
2082723
2113245
2119600
221484
232756
236642
2494760
255122
2665433
266918
280146
280481
283954
291347
296183
305092
305381
340545
343312
386051
399629
408342
432679
450263
4770954
5043287
5409333
5412908
5413475
5440937
5678106
5833001
5833147
5845177
5974579
662375
7143182
7145740
7282450
7341749
7343377
784030
784625
817038
8278737
8677195
881026
894573
9057683
9069877
937709
9728319
2103697
234771
267673
358955
5453551
5723829
958316
13766539
5849024
5960274
819733
9681367
2182501
271192
468722
6440697
1299739
271392
279925
430248
5677716
5723812
1734053
226179
233849
238897
5842357
7144754
743729
10467334
10483582
12523562
13801207
1405061
2496534
261854
264348
286243
420607
420672
5429090
5441684
563474
602322
629516
7321714
10225223
10483966
1174302
1269986
13913415
1973022
204384
2070918
210439
2187446
2495770
365047
5564041
7280642
7903899
264492
287098
299601
3451231
506165
583044
761497
843516
847609
913960
10242064
1093348
1219792
1461677
226216
259170
306351
3471856
480857
10215842
10222160
10565554
10565700
1115513
1163484
1181328
1332234
13860946
293828
460236
482728
5842434
605499
661830
7927566
8692798
1201415
1296054
1427142
2494554
369585
840591
1165232
13736234
1479795
1520123
1609581
1735243
2589537
286774
298102
357528
358139
489492
5408362
609423
623479
8052457
8348432
9129672
9630725
1318987
13615195
13668166
1562278
244010
276141
300396
304430
5842390
851111
13764687
13888170
2004717
2494605
260504
276720
309447
3456405
603689
