629394
228491
207102
2111993
245164
312815
364938
14865963
1430166
1235049
1668096
204844
218183
2128421
270910
333339
2053889
972330
998561
1056834
256843
1174472
1181294
1411881
1584819
258892
1042972
1095409
7275306
249301
7271730
254402
12308850
228081
1392778
1587208
2066058
224974
225362
243596
403466
2085697
414810
238185
7338640
10519381
1075592
207870
381448
267427
1055835
10736444
11279515
1142622
899123
1257548
2085811
1357564
1390840
299800
2073599
250890
878986
1055019
1123022
1126932
2133503
213508
2108846
2112008
1826309
2488564
304804
537345
1823976
1167473
1799519
10509226
1002961
1079594
1458957
14715196
239132
302254
5677713
7280647
1006691
1101717
1178427
417297
1315469
1455789
1621930
1703697
929782
272064
509134
248729
212700
2131178
269684
284765
295447
304979
431964
7307150
7338948
7351628
768017
10386602
1074669
2054417
12414949
1245795
1294604
1339304
1462830
1557727
288675
2486973
1629497
2083537
1012442
1070660
5722882
267271
209047
328980
2044871
2106348
212160
2129009
2133499
2133530
263494
269184
277718
292605
407200
513728
5963456
1139323
256839
1583492
12273596
310145
7278673
220298
293114
10420352
1135980
1479968
7275301
5829463
452053
7278762
10510308
13588375
811649
12596082
415183
1027734
1062328
1069285
1168083
12310349
12313531
1241534
1282192
1287247
13056269
1354253
1398562
1402480
1430586
2071433
2071456
2078156
2092598
220477
223021
264374
291241
402373
463433
472686
558622
593618
713822
732351
10599428
14730002
280777
14955798
882692
405962
284430
1010187
1113159
1127564
1426400
1461465
1469691
1534199
1561164
1823982
1981944
2098990
2044162
2066804
234533
259825
291278
341867
348555
518279
5958870
7276956
14966708
10418633
13672295
13746490
230191
1076580
1531462
207516
7320898
12313541
5441684
2107044
226835
1740833
1256892
218791
288292
701649
7323156
1442515
13740840
1503491
1058179
10736448
1129775
1308432
1335407
1345748
1379898
206158
2070922
209838
2131198
236241
238617
304470
256056
262299
298925
307345
401765
484288
7311170
1032177
883595
307790
1134073
1574887
7302599
1037883
11281061
1256076
1351609
415235
287509
331719
410579
536014
1318987
780385
332903
5836723
286243
221109
1539056
7144261
1010938
1461651
277548
5440927
245200
2085800
5723863
412531
309973
408342
5725233
675416
7280627
846391
303239
10358445
14733131
1300505
607926
338673
303951
256654
1084699
1205313
1217833
12255619
1310202
1329239
13587266
13801123
1526598
1600436
2083511
2120813
2122562
218747
247040
2488081
269720
290008
293728
435264
442385
458749
624152
7279182
7282466
7320150
7325111
7580362
820430
926776
955915
579552
2115332
259715
622196
7303849
961176
286814
236393
277014
429929
5829490
230949
5838253
1250993
14955705
14955781
2076219
851344
420607
265412
222287
1405742
2116694
1046996
12327332
915054
276483
229074
336585
9069877
259869
469575
5723815
10709351
1203630
1297819
1526036
2074769
2494750
2494838
276260
381856
5955263
606179
355587
271546
705743
340897
631039
878074
945945
596532
13764918
243195
392611
1174400
1024021
1487192
4770950
7325997
848006
5412456
1016081
630071
1997586
231133
5412347
1307229
2120696
381937
1992152
1070285
2497978
256345
13897076
1972422
13588355
704489
10526007
1053749
1054106
302144
844970
1095180
1108427
1119225
312650
1138118
1185070
1212259
1216252
12315634
605313
1273430
1334977
13749830
7301780
1424372
1444137
1449242
268882
1674570
1491083
1555594
1628817
1686878
279429
1728051
204952
2064427
206867
207089
258114
2111846
407864
213790
228755
235896
250298
509448
251706
254074
256163
257471
286688
266491
277864
283600
284071
286210
291256
302307
302358
302960
306657
311464
365290
450695
471104
13981035
524266
792083
694699
711076
722565
7278707
7300118
7300545
7304978
7324409
7326059
759184
838741
845431
935667
956116
311016
357715
1793791
1983013
2041139
10240969
1046586
10553359
1119123
1126605
1240386
1400940
1539810
1641875
1741087
204645
2047182
2050478
2050480
2076911
2078143
2084120
2097725
2129433
452325
268718
2814364
284231
297891
298940
355700
365248
383341
421949
424917
451086
457110
484106
537304
5719444
5901968
7332005
7567988
998531
328943
5903167
1121187
11275689
12316324
12316338
12316368
12316375
1331358
13861599
1972863
2116700
288760
309902
318349
440262
454615
7271739
1457220
946128
306320
7304194
13931162
238806
1790591
1614892
357590
701247
430125
450187
252039
1390825
1560705
247459
1189131
1997392
298084
13588339
2090089
1020007
1025366
1026899
10360882
10429303
1056735
10654400
1067334
1068362
1069691
1074490
1074823
1118367
1130054
11387097
1149126
1169206
1189292
12321180
12427787
1268254
12946560
13056276
1310436
1312766
1328071
1329607
13363028
1355264
13608459
13748028
13773903
1401090
1436889
1462675
1502660
1517970
1520041
1681670
1751749
1996607
2004424
2049016
2053038
2053042
2063310
2063314
2063319
2070016
2070032
2070793
2071014
2071436
2085704
2089275
2089292
2089534
2092617
2112000
2112016
2112611
2115309
2121867
214577
215385
2164160
220168
224524
229192
237950
240083
242429
244677
247948
2488584
249267
2494805
2494959
2494987
2495024
252317
257436
257691
259613
262398
265111
268506
272607
279218
282681
283608
284314
288912
299579
310326
310446
310840
321635
325362
334192
3481571
3482804
350643
403802
409478
410170
438536
440199
443213
448491
468003
4770712
4770948
484084
507741
5441678
555332
580295
5835556
5838827
5842878
590406
5947240
5952214
673219
699983
699994
708697
7132084
7275992
7277981
7278036
7278090
7280034
7280539
7280642
7282468
7303136
7304165
7315028
7316620
7318424
7323356
7340508
7424740
743533
7474983
7475145
7541317
7667974
769099
792073
804452
884979
8851920
889628
9127788
922040
924430
926730
938653
943589
959696
968759
992302
999991
1073531
1465978
2115311
399618
408299
408462
7276039
1040834
1432272
2117917
2119036
230355
588359
12518263
825820
983462
221484
450691
547585
854844
10493282
1271623
1628551
241166
669095
1353341
7304191
1997467
276663
1204460
244014
1472207
1416738
259263
278807
313000
491467
721295
222873
1024157
1000392
1028415
10545770
1139008
1171808
1207897
1234820
12529054
1329215
14872461
1651465
2104127
2113723
265239
482945
5887358
623754
8305957
1014191
269376
7454172
1538848
305992
452100
1149563
13929448
2049968
1316960
425245
691386
10236494
5562000
5562014
277815
2103695
298053
298983
1174236
13860290
7170944
7176728
7384453
8226644
871509
1034992
10522001
1268181
2088321
278673
603760
654446
7279828
10291853
1075057
1094501
1101686
1173095
1197723
12275344
1304190
13587746
13942509
1433794
14886949
14940115
1502311
1659287
1830983
1972890
2080242
2113573
227711
2497981
285172
302651
367219
368490
454609
462474
526109
615699
6172936
7333709
1137435
952038
228029
1278211
244765
417795
548111
806924
452020
1368698
1368773
1788418
1111242
2049588
2496375
1307472
1334686
13944539
1583369
1690781
1985420
234013
291927
461517
5446693
5832285
7289461
837643
838343
9129764
7329009
903576
1054371
605996
896988
300804
5412908
1173817
236254
239426
246887
1236036
1372824
2060268
1016999
1053149
1061391
1236516
13750149
1387648
1415055
1436854
1456979
1466622
1496400
1557723
718873
2099085
1688323
209241
1987361
2043955
2057250
2066828
209815
2099812
2101389
2115465
836261
2121880
217081
217169
220374
221762
226062
228142
239189
243421
246173
251600
253430
253904
269431
276097
294655
303755
307365
310122
399152
421665
452383
477864
600789
636255
659816
715412
7279025
7302444
7304975
7308539
7316354
751990
760754
764680
777401
8044582
8822124
1080237
7281341
917875
1281008
1248245
229952
5833512
1466285
356248
405895
605015
974479
1009384
10553363
1082477
1084154
1121253
1135115
1168076
1222675
13125152
1394572
1460881
1536458
1597281
2043533
2076915
2093160
