1630636
7577889
2086616
391607
316305
2047082
317362
1461227
7313047
29584466
7456539
8891468
7988471
1069907
940141
2898506
7446396
7391401
713037
12486623
2845891
8749604
2594681
974330
7478327
8342884
8100035
8342903
2956561
13974207
2845998
2819395
2932225
2846273
2733950
2775804
2840661
2635579
2685637
2685715
2685815
3490563
7424654
2843431
2938198
7543322
2105651
440660
11272395
233849
775331
2578313
2714028
4409626
509607
7478326
4408837
10558909
2103085
447050
294654
1317260
1412578
2129119
290082
260292
10558539
8692798
7312847
480204
7451705
226919
2077502
1030639
2114679
446942
1268275
1755343
259799
2128865
1191755
480373
480418
480445
1164144
1149462
1202085
13586948
13744903
1627609
2067349
2103690
3482323
555332
1108721
400653
1197891
1618005
1995410
2745051
8050897
9642145
10291306
1148274
1972988
214533
304924
6530186
7348274
8801133
915684
9633538
7339713
882369
2053162
219374
292330
305182
382347
7333548
908211
1515547
2124138
1135972
2017680
1505630
465867
1156930
636255
7377661
893451
420709
578764
605579
10358492
7345488
1187734
2090087
398389
1179000
1290156
447251
314232
2116012
1012063
1044789
1792908
2596239
446889
2051821
207538
611266
213219
5961672
205284
2048336
2094112
2112870
722323
961378
262674
1023779
1108317
1115562
1247472
1282946
1407279
255298
1985902
2002806
2005387
2093859
2093869
2121324
2171558
228299
229865
266918
276350
2827466
304376
375449
378409
4410557
5429090
544991
575192
654768
680727
8049883
908876
1603245
2122691
2125923
2132853
2898463
658583
