461360
1503048
1683175
1683498
2743447
7403239
1309519
1793276
8369596
8581008
1467452
380564
10532982
1252039
1037883
1038192
1038551
10418450
10418452
10449023
10489673
10489681
10489685
10563889
10597007
10597009
10597015
10651306
10651309
10651310
10651318
10651319
10651321
10651323
10651501
10651502
10651525
10651526
10651527
10651528
10651529
10651530
10651531
10651532
10651533
10651534
10651535
10651536
10651537
10651784
10651794
10651847
10651848
10651856
1080207
1119217
11280333
1161316
1166880
1171015
1193380
1197886
1198002
12322547
12419053
1255371
1264863
12663706
1275346
1275396
1286102
1298605
1361633
1361703
13664268
13684699
13684705
13741446
13742686
13777140
13779126
13782793
13847668
13867143
13872353
1387786
1387894
13948073
13948080
13948111
13948129
13948161
13948190
1401905
1446178
1452777
1452781
1462314
1462354
1462408
1474051
1474185
1474216
1474283
1474318
1474340
14842022
14899862
1492372
1492434
1500872
1500901
1501038
1501077
1501107
1501174
1501262
1503006
1503030
1503074
1503097
1503115
1503137
1503207
1503227
1503250
1503265
1503286
1503308
1503334
1503395
1503421
1503445
1522367
1534445
1576700
1583489
1588885
1588999
1603163
1606992
1609398
1683063
1683117
1683143
1683161
1683191
1683219
1683221
1683252
1683275
1683357
1683378
1683395
1683420
1683457
1704052
3492054
1740969
1749352
1761976
2175770
2542737
2550145
2550166
2550184
2550216
2550229
2550231
2574000
2614691
2614704
2614715
2614721
2614727
2614729
2614774
2614808
2614823
2614825
2614840
2614855
2614872
2614879
2614952
2614982
2616055
2633145
2644320
2663495
2722235
2733734
2736675
2743454
2743463
2746219
2777145
2790783
2803812
2804258
2806023
2834320
2857850
2860350
2864668
2864711
2864727
2864729
2864765
2864777
2864792
2864797
2864827
2864829
2864876
2864958
2865033
2865065
2865393
2873718
2880317
2887316
2889516
2896206
2896365
2972108
2972601
3459067
3462166
3462202
3473173
3477366
3477368
3480876
3482664
3483199
397727
397760
401933
401954
401973
402001
402052
402115
402146
402195
449980
450353
450519
454411
454463
454568
454593
454670
507051
525624
525728
525786
528647
528771
536541
548696
5556162
5845810
586063
586104
586173
645327
662062
666465
666506
666583
666623
666732
666792
666808
670657
670722
670777
670882
7165458
7292652
7292659
7292663
7292671
7292835
7292842
7292844
7371615
7381946
7383616
7385316
7389995
7390000
7395683
7406312
7410007
7419207
7423997
7432661
7432670
7432672
7432673
7432674
7432688
7432696
7432702
7433351
7433981
7478354
7478528
7501611
7514410
7519579
7523382
7525269
7528465
7568801
7571336
7581933
7668371
7670754
7676835
7749447
7799959
7923091
7943009
7943050
7943078
7943091
7986579
7990990
8004320
8004785
8011629
8053420
8078502
8107530
8172009
8207449
8207452
8207458
8207477
8259428
8273056
8335218
8459803
8488869
8531903
8531904
8531905
8531906
8533839
8558614
8572452
8572453
8572454
8572458
8572460
8572461
8572462
8572465
8572466
8581018
8593214
8593388
8734268
8754133
8898716
9043828
9043886
9058379
9058518
9058529
9080651
9668567
9670384
9677636
9895292
9927615
2835629
13981043
1368838
1994152
2838469
10355092
9072849
1124874
1275226
1361827
2137144
450301
1193116
1199503
14109134
1540741
229146
2911212
439972
8523593
1356688
1203862
1160681
1393423
452475
7928362
11062443
7651912
11300997
1233817
1248020
14141410
1537178
1792888
1792902
2175580
3479379
552129
8765921
8817224
10288073
14389637
5562249
5562258
5562262
5562268
5562269
5562270
5735784
5735798
590489
1753046
483650
1044364
1086264
1086760
8310779
14430666
1452385
2056095
1085933
13126147
13889753
8770615
13881891
1361598
1508712
2628084
8053412
12279596
1003199
1271944
8107433
1823929
1003171
1537393
284090
5833001
5833004
5833007
5833010
5833013
5833016
5833019
5833022
5833025
5833028
5833030
8004257
2341662
