1973022
10405520
3465077
1036548
14959061
7280623
1208573
2613830
1067611
1208295
218397
395049
451086
7343701
7386676
1021015
10484019
10484027
1145208
1338277
2476641
3465071
10261559
730194
1209358
1687003
2052259
2213002
2494828
1110668
13975328
1493385
2730986
3461481
3465085
351934
352390
10261577
1169045
1250799
3470487
13855662
1740144
302473
2213072
2545235
2710412
2710466
407063
5585110
7350876
7903899
8523368
10311512
1044476
10484045
1067787
1137358
1313429
1317764
13991726
1432472
1462416
1462502
1479889
1557496
1631364
1994480
1994489
1994493
2212996
246522
2607254
2607259
2644973
2661772
2661829
2927357
294226
2969635
308873
347558
3484990
357168
407089
407136
407163
407259
407321
407408
407438
445580
1077385
7437572
7474633
8034963
8746638
8963667
1548764
332383
13989891
3464148
2165782
675546
2083484
2193610
1026042
7997473
1638641
972203
2650244
259161
304491
2176324
269254
3456398
1344579
1689462
224348
1039498
2045086
5958486
1003867
1970062
2045084
2582994
3464147
7280645
1340515
251896
7280625
7280638
8052457
994989
1055770
1162047
1170406
2169968
301116
3461825
3464162
7350992
253261
1440916
1475534
2121943
995870
1000445
1158591
294758
3464171
1208240
1305885
1627381
2040332
272480
297470
892329
962400
962559
10308670
1213150
1549581
5959645
238351
258500
290543
302628
306548
306657
310486
470444
5563777
8740515
1007732
1059136
1091284
1116010
1116667
1155630
1184054
2063943
2064780
2112859
225069
232622
272909
287008
288292
297430
3464163
385465
406662
445218
489721
5827209
702211
7335249
749224
882898
889903
1739069
2494965
694909
1029777
1232590
1458476
209246
286984
399046
5962373
925470
1322199
1322221
1322246
1322269
1322347
1322408
1322430
2846151
407116
455025
513247
7473505
8232058
8264933
10291046
10324664
1041920
1281008
13740827
13743430
13751152
1593648
235032
240791
291260
385541
402663
5413491
5829487
7133024
7272598
7483033
7569722
7678590
7887764
8093056
8596155
9187951
1033765
1593835
214372
338667
782195
952500
1012982
10420350
10540973
1069839
1158721
1209292
1273543
1282077
1323522
1363889
13988821
1404602
1464652
1520123
1707574
2070000
2150364
2193605
231269
2497978
312691
313775
322612
322841
332098
333728
339275
3451231
3458341
3464166
3476956
3487025
5563731
5563744
5607079
5835770
5964838
5974497
667107
680357
707193
7133415
7135510
7590170
822298
8297339
8692798
8754385
8782072
888941
8922737
9079896
9689182
207762
2650266
2650280
301827
328532
3456405
3458359
7303218
1004472
1018392
1025762
1036301
1230873
205139
2127076
3464145
3464159
5838641
7651300
856060
1299739
2080903
302381
468911
5965749
661830
820975
962894
1090653
13972081
1536976
2066277
2092859
210360
252559
3464153
660089
790335
8783446
920246
1006402
1018568
1149930
1254349
1341133
1461651
2168895
222921
2269906
2494550
504627
5415098
804856
936111
955785
10291598
10420204
1104510
11896178
1198001
12357195
1247635
1252126
1290925
1390696
1440731
1454535
1499729
1550396
1622871
1685946
1743592
1745686
2045467
777291
2049407
2055529
2057513
205890
206242
2063967
2083521
2112862
221253
234162
236419
243670
2464103
254621
266670
272870
290184
3451517
3456400
3456415
3458991
3463480
3463482
3464156
3464169
3471853
3489427
360408
398591
405367
434413
455666
461440
589295
590661
647090
693944
698134
705192
715317
7280525
7281341
7519603
774943
7913311
812108
813468
8268111
856118
895885
917152
961517
9630382
967783
973136
1262914
1314491
14023604
1420448
1426367
1459996
1491026
1544184
2041500
2083677
2215984
2566362
5852723
588934
5962115
5962310
5964354
655714
688447
7356264
963117
10541364
2494967
2494985
716823
1158097
1192450
1219555
1972988
2182549
237157
255119
1165468
312180
348673
447334
7275579
892546
1307422
2086627
210151
2650311
266175
282427
398407
8519851
1219792
1532975
1538612
1538628
205111
209815
260371
2650254
298247
296205
515244
7280627
754954
218384
2496428
265715
2805949
1013679
1344679
1752786
216238
2650227
3458353
8556856
1299255
1530777
1530799
1530839
1561558
1688691
258542
2650264
397996
398426
398455
398672
8585782
955430
1008970
1009006
1012063
1028609
1039150
1077408
1118436
1206645
1270267
1460700
1527132
1527304
1626602
2041039
214111
228588
228993
343754
344027
386338
5583949
5838595
7272162
800639
889931
1135726
1653412
1661988
1668951
2063973
2063983
2063989
2096537
261775
282853
9187950
1169719
1236460
1527237
2118063
2180044
382279
7575889
8021259
8052455
827775
1124645
1260770
1309015
1401103
1587991
1982842
2086655
3459594
3459596
401056
401201
401438
468692
516073
5547119
5547124
5547144
5562040
7337802
921560
1003267
1124713
1143698
1233566
1269986
13056254
1314427
1352645
1415652
1423412
1432130
1441362
1441541
1603784
2001660
205272
2076498
2093560
218836
224304
234428
242518
248363
253942
263747
2650250
265365
267826
271127
272492
274225
276212
279660
281022
296188
313801
710867
710916
792580
7928846
7928847
7928848
7928849
7928850
7928852
8038592
8038593
808303
811959
8316180
8877985
8877991
1223177
1408677
1542377
204384
2201898
245186
2650268
2650410
3459592
3484570
511762
550581
8038591
8038596
866983
8760728
1033296
1033325
10541359
10541366
11025727
1154262
1158134
1220780
1252858
1261853
1350523
13612930
13987356
13987358
13987360
13987362
13987368
13987370
1717785
2001125
2123384
2342879
246729
2650353
2650377
303398
344128
365906
428731
468788
475337
665584
7377471
8782076
8900909
9063158
9063694
9063912
972415
1004622
1123879
1256332
1315436
1315543
1814825
2341662
238158
239152
240465
243878
274812
283954
3458141
5890414
5956787
7899518
8012631
8194181
832217
1148411
1201486
1273415
1524280
1830617
2044630
2545110
2650286
3484563
399522
647088
858639
1044456
1077896
1143049
1149462
1197770
1197790
1220303
13750981
1985179
1989209
1989949
2005133
2118333
227479
2342869
244468
263326
273569
280628
286156
308532
312005
371293
392845
398675
421125
428933
453541
8731914
8763531
1118687
13989949
1602578
350270
390096
423822
513426
7651293
7651295
7651296
766584
1096114
1205464
1393887
1419723
14682833
1542488
1593906
1604606
1995315
2064530
2115998
362307
570910
5838574
5960274
7304194
7304975
8249714
8264899
1010752
10309194
10514769
1117263
1250860
1311167
1531515
1630563
1739752
1984503
206142
2064360
208548
2087348
2113906
2120704
240006
271330
288114
291567
293280
296604
302185
307749
308482
5690368
5836113
5887613
5953608
605638
656872
662375
692973
701837
7315402
802480
887587
889059
898295
924429
10558539
1262301
14474206
255544
279610
296833
383036
7335704
9643108
1002325
10125557
1022059
1022370
1022476
1022566
1038774
10404950
1060863
1064045
1072451
1098118
1100452
11021266
1117430
11271039
1127358
1131619
1131816
1142519
1142706
1142868
1142999
1143208
1168395
1174171
1187327
1195311
1245514
1257464
1265724
1266224
1322924
1341235
1357807
1364507
13761369
13766435
1379829
13830445
13900807
1406729
1433406
14391119
1455098
1455184
14562035
1458207
1458263
1458386
1461906
1470090
1492601
1516442
1546746
1559247
1575164
1605373
1610795
1618446
1623957
1730295
1740973
1750072
1760884
1764996
1776214
1983432
2044462
2057327
2075849
2093511
2094254
2094288
2118923
2125923
2132747
222923
223981
2494930
266052
280199
283757
285507
290089
2902699
294380
296127
331306
343545
3459576
3489418
355221
375879
397653
397704
397728
397806
397887
397911
397955
398020
398486
428757
428829
428872
428883
428905
428967
428985
445446
459405
479756
481415
495423
511347
535306
535466
536466
536550
536749
536820
538418
563474
5835088
5835556
5901918
592268
5959389
605132
611433
614056
615807
616250
678703
699221
7281631
7282253
7346553
790543
809162
825333
835525
836848
839499
851070
894666
904590
904650
909460
922672
930379
944073
947393
991761
10501544
1107080
1280785
1327789
1327824
13740759
14612075
1469831
