14960323
14715196
206592
283743
5741243
5957631
9529842
209442
1299094
1002961
13905016
946215
2161777
1160416
12271132
1387272
14846262
14913595
14913628
244341
2494989
5440931
624483
7303681
818438
8289512
230172
306233
7278887
7303663
297470
2161767
313831
13764883
13894386
14709806
2494971
7280649
7323409
7475145
9529520
972330
14922392
7667957
2084494
2161765
2161770
2161771
2161773
2161774
2161775
7279411
7303653
971712
972644
10415768
1455878
247539
2488548
2494746
854753
850507
1101686
11059751
1167473
1248819
13766934
13922427
13972081
14710781
14895197
14895199
14900968
14913611
2111498
2128150
2477227
277364
298005
629954
668793
7275625
7280643
754769
814840
852271
654964
1305357
657734
686675
210151
1157552
1417060
7303654
7303657
7327532
210009
2197010
1020233
10324913
10490166
10736456
1422215
1557016
1661776
2129014
2161762
226505
231759
265228
288760
291406
313863
376310
376549
7273705
7280642
7281849
7303683
7316911
7340678
8252066
14921617
929946
346486
2140306
2183054
7770176
2580143
10232148
10251991
10531348
13684705
13981340
2170850
2605901
2613662
2712549
2938549
367227
7438183
7449622
7455251
7478475
7568996
8012616
8080808
8080840
8118938
8118939
8719159
9896399
717018
7300838
7300845
7300848
934012
939565
1149796
1297314
1525503
2052283
2057344
2127096
249084
276768
7279069
7280123
7307129
7316942
7319376
7349524
9334523
1204487
14861160
10050477
10225327
10225330
10225332
1030985
10336877
10397767
10652095
13733392
1429407
14872974
1673588
1738695
2178493
2183052
2545173
2606470
2606529
2642349
2681664
2739517
2739624
2746805
7155920
7294474
7404666
7516219
7519608
7928821
8169167
8243604
8243605
8323817
8750799
8757486
9153148
9647687
9664926
1174400
1174472
1471944
3465077
3491952
385050
10043825
10084883
10088116
1010287
10112069
10222389
10222405
10223209
10223365
10225942
10232145
10232146
10232154
10233736
10236293
10236296
10236297
10237319
1023883
10248980
10251322
10261745
10261747
10268700
10268701
10272921
10273016
10273019
10273023
10289214
10292325
10292346
10304519
10304953
10306280
10306988
10311283
10315799
10331836
10397771
10397775
10434581
10440684
10483234
10528866
10558235
1067528
10736183
10736186
10737149
10737155
1110761
1113498
11282042
11282158
1159255
1182521
1192660
1194917
1194941
1197595
1198320
1198336
1204674
1204979
1205136
1208550
1233233
12359585
12484095
1255888
1281071
1287643
12996783
13008876
13018374
1302717
13702251
13702731
1372616
13860112
1394054
13951826
13951833
13968676
13973139
1415957
8086307
14708060
14858458
1486195
14890915
14892155
1492372
14945046
1522760
1548686
1608464
1645296
1690147
1701827
1702869
1709498
1716004
1716320
1728584
1729936
1768826
1794285
1794289
1796465
1797710
1798776
1798799
1830001
2108810
2142051
2170853
2174982
2178480
2182922
2183060
2189682
2189688
2189690
2189692
2190221
2200147
2215899
582609
2767047
2542695
2550880
2560484
2560523
2560640
2560649
2579769
2592740
2592863
2600449
2605602
2605674
2613528
2613726
2614166
2621982
2628918
2634596
2636465
2641183
2642218
2642339
2644339
2647337
2647900
2649579
2651624
2651633
2651650
2651705
2664953
2670551
2674922
2674954
2686668
2698382
2703010
2704280
2712227
2717926
2723431
2726017
2726036
2731270
2734880
2752450
2762078
2766699
2767107
2779893
2782968
2784611
2787115
2813266
2825402
2826583
2872789
2890238
2909640
2913323
2913390
2941420
2943640
2956329
331930
3456103
3456104
3456110
3458647
3461474
3461480
3464278
3464648
3465095
3471043
3472056
3477431
3477443
3478370
3478913
3481263
3488805
3491888
3492029
3492035
3492404
3492407
3492409
3492414
351373
361629
387901
403326
414503
437104
445868
464973
465100
471127
494786
519947
520504
541222
5538742
5682623
580534
10219914
607606
665151
723140
727706
7294674
7295863
7345648
7347407
7349603
7352267
7367416
7379022
7380297
7382776
7395697
7401586
7404688
7415970
7422832
7438339
7438343
7449502
7453128
7454189
7455413
7488998
7489496
7494395
7497280
7497497
7502791
7514367
7514558
7515407
7517573
7532398
7536256
7537534
7538809
7539060
7553251
7566105
7568994
7572348
7650790
7654696
7659310
7668469
7670579
7680658
7680661
7680662
7680665
7797711
7856562
7863302
7863306
7867804
7868512
7868513
7868515
7880705
7880712
7888993
7889036
7895665
7903576
7903894
7918023
7918037
7918045
7922923
7928791
7928798
7952171
7975925
7981579
7986434
7999020
7999137
8001390
8012609
8025638
8027369
8038594
8044902
8052445
8058143
8071317
8107198
8107259
811905
8159112
8164228
8164229
8164237
8185390
8186784
8187288
8193988
8193990
8193996
8199539
8199546
8200536
8201044
8201152
8216509
8245607
8251664
8258643
8271286
8273301
8273306
8281405
8324439
8324447
8324449
8324450
8324451
8347555
8378158
8389163
8512543
8518046
8522437
8524873
8525685
8536822
8544322
8550239
8558741
8564324
8566136
8570767
8570769
8570771
8570776
8574102
8577472
8582019
8582069
8696315
8713770
8723175
8734325
8740065
8740639
8742210
8752216
8752481
8753610
8754387
8754389
8754398
8754615
8757608
8766322
8777763
8783320
8820447
8865826
8890161
8898886
8904352
9057148
9057731
9058111
9073402
9156824
9336655
936895
9373267
9373411
9648539
9665376
9690494
9692517
9882147
9895097
9895101
9895104
9896391
10225223
10537444
1159113
1194760
12776600
13746490
13930987
13931024
13941225
13968578
13968996
13980544
1557727
1589041
2165776
2203755
2583790
2583834
2730729
2775811
2825880
2872906
342244
3477433
3477445
3491959
5546970
7351844
7926591
7936297
7975835
8097769
8525935
3481998
7574342
1717758
288436
222820
1357564
2650280
212152
235270
238200
298831
312241
693845
236369
481679
10311506
10315770
10358182
10358364
10420954
1098064
1136771
1174029
1189244
1255371
1284766
1357600
13804941
13860117
13967565
13973141
13981135
1485283
1492573
1648444
1672980
2185115
2186281
2570759
2588447
2710532
2719062
2833249
2839066
385022
505753
505819
508683
568617
7335925
7448071
8025629
8107252
8264944
8854239
8868139
8884263
9058225
782195
2053178
204998
243955
288245
482208
2650266
7273719
1624398
1002616
10043831
10047811
10084810
1008942
1020511
10219900
10219903
10219905
10219906
10219912
10219915
10219975
10221179
10222560
10223403
10231066
10231406
10234654
10234661
10234667
1023628
10236287
10246122
10248982
10249038
10261200
10263061
10288828
10290086
10298184
10298248
10300224
10304844
10304847
10304849
10314140
10316645
10330023
10330035
10336870
10343493
10343498
10359660
10359664
10359665
10359666
10359667
10359670
1037758
10399068
10410419
10412670
1041282
10413105
1041660
10418274
10420169
10420328
10429822
10440690
10455747
10455754
10480112
10483229
10484035
10517379
10529202
10529316
10529319
10529333
10537450
10539166
10540269
10540899
10558728
10559938
10559940
10559942
10651354
10651726
10651820
10651824
10651826
10651828
10652165
10707069
10707092
10707724
10711034
10711059
10711108
10711153
10711154
10711156
10711157
10711158
10711159
10711161
1072840
11137078
1127077
11281208
11282067
11282281
11283633
1128976
11300497
11300502
11300503
11300505
11300506
11300507
1131527
1132274
1132299
1135013
1143211
1145208
1153479
1175390
1179196
1182493
1190847
1191651
1192630
1200525
1205349
1206403
1208606
1210109
1218184
12324174
12325392
12338774
1235691
1237787
12412644
12417485
12417541
12419136
12419274
12419301
12419348
12425337
1248558
1259201
12647470
12647473
12647482
1270099
12872026
12872439
13017283
13017381
1309915
13126160
13128556
1313400
1317519
1330397
1332234
1332419
1335115
1335454
1337058
1338328
1339090
13394199
1340591
1345149
1355781
13586176
13586468
13610886
13664631
13673612
13673811
13673968
1368660
13694439
13702340
13704212
13704264
13704409
13704946
1370878
13731783
1380595
13812296
13853087
13867615
13867616
13867622
13878921
13879340
13891647
13891650
13918796
13919582
13942356
13952453
13964502
13966919
13970796
13982034
13983824
14020593
14036907
14050263
14051133
14057866
14058249
14058934
14060395
14075784
14082665
14112683
14124855
14131933
14137336
14138398
14150336
14165569
1419094
14208027
14433623
14434057
14435390
14438171
14450454
14456479
14497463
14507206
14507459
14532358
14534280
14539250
14552583
1456517
14585719
14586767
14658798
1466993
14683066
14729986
14870868
14875910
14886969
14891437
1490216
14920965
14927361
14927368
14927469
14961098
1496273
14968853
14968901
14970362
