976343
14880387
31496563
235874
223404
2342863
1387702
7303681
205796
1337314
13132725
266069
305927
285827
2498024
5910877
296240
229630
222678
1299094
12273726
330840
526046
260092
1490537
1000507
5070467
1174400
711594
7280647
211505
7567988
1103753
14919192
14941552
14950866
14960323
1575873
2073574
246301
218394
10736978
652458
7900582
1377108
769377
283058
309610
13665127
7316463
267878
285575
13758435
4770958
972330
7316465
1000860
247937
565702
5830696
334249
1764925
1040834
10509856
379455
13801146
10287598
548444
10561091
1024227
1149563
13844864
13929448
14715196
14888019
14889546
14941569
2049968
2070928
417496
946215
10510306
392535
1372042
1392875
279139
13556491
2118057
1220183
245044
2084651
12285514
1307311
276544
414915
649608
13744044
1026041
1392586
2066774
598219
10510290
1267673
1271701
1069190
1103789
1329512
1377176
1409119
7279415
10288276
1169888
235725
306387
10510324
271352
7652439
1166063
13894353
10509918
10510312
2065932
332405
972644
10291422
10510326
2083484
1281008
2085814
10556112
11275325
1669098
730117
814840
13139680
13124755
1478894
7280635
7472683
9630330
286087
7316459
5608958
228393
595456
7319871
280685
8595804
7472329
12285199
13139228
1171155
267004
5957631
264792
1192589
306001
7471942
10405520
1091923
11286877
1208396
13947851
2103686
5954909
605498
13065373
233076
974156
518715
13677475
1793276
10513111
1103000
12308850
13587807
13731606
13746490
13758614
13859501
13896433
1398562
1472207
14866112
14874375
14941618
206592
248482
2494977
264374
264639
324678
428208
558622
593618
615750
1449893
207737
881026
300382
5974528
292875
7472339
8460569
225754
301629
13766598
1479072
1009122
1430563
1013380
1057541
1236439
223539
7472372
1059413
13066523
1387743
559581
7472391
9193074
2497978
313566
2056017
270195
3471848
2049586
332601
5561995
7288694
560832
818647
10366368
1079145
5451608
844042
10287936
1230970
1533430
1627977
10510160
243167
343728
1494103
227115
324841
1307229
5888158
1160416
2060476
2066794
296767
388144
10405795
2085803
1332939
1335210
209483
210549
10490382
10546881
842681
1001402
1392708
2100885
268885
5683921
13740833
307842
440660
938921
13586932
304367
712948
10510210
311580
407648
4709300
816738
920304
10510180
1103868
1104072
1337276
252352
308831
338615
1737110
255980
10510091
466058
5441688
10509976
10510069
1103641
1508950
273993
451015
2583891
2730729
7165757
10510236
10510321
242359
1663902
2169975
5444607
5453549
482961
2043337
245231
598177
12284767
1604556
2116678
1058296
1439349
208674
221917
498148
5895793
10510287
1059915
1822571
2494989
212305
2070237
2085485
2341660
537345
10358445
1036660
937495
1065167
1158387
1275533
1276455
1341441
1342672
13741949
1390840
1394054
13947802
1458957
1462408
1471944
14860144
14900464
14906363
14958764
14959102
1591825
1596353
2047074
2100882
2494519
2494568
309114
331719
528647
5958550
606083
7280623
7282144
7471842
7568804
943306
2003014
2132820
2494973
270436
292748
340550
961320
1070660
1331259
295413
345790
5440931
10558909
11062443
1174343
1215642
1298444
13742708
1389730
14846262
1494514
1661747
2071028
232580
250050
260252
261383
2825734
292695
430946
476441
541625
7325111
820393
928512
9530025
955430
2078168
584771
7589352
7276963
13586936
207652
245084
250280
271446
665216
12284628
292712
299868
345296
1416695
217386
2498009
345476
5069784
5829481
7945296
386615
10288248
10484019
10484038
10556643
1250799
12647101
1338277
1350823
1362526
1505984
1638108
1803947
1820066
2057257
2159287
2159389
2191097
2210251
2565959
2825846
2924299
2972516
297430
299256
479060
525747
7471894
7471916
7471919
8197162
2494979
3464148
7472346
937400
547368
1207053
1247792
13066503
2047056
248892
2498007
2113234
1160112
12273606
13766547
211571
2496530
338386
5836399
307850
237474
4770769
5838751
7316460
1343902
216852
222820
398565
5844657
962098
764060
787033
10562780
12313535
2498005
300804
305010
613941
972203
1723283
2498017
7472411
7678710
272554
13870943
13900807
2064029
477563
1006402
13750981
2498003
5835790
11276181
1661362
228081
232769
3535535
379425
939672
961350
1651603
1754563
8322233
11021266
1138110
12753599
1312310
13744909
1723247
2085697
338006
7320372
282928
769003
1355551
1397533
291103
10546891
1065433
2059627
2496515
2496526
5836508
985664
2047054
12518432
2342867
282561
7282467
288436
845552
1282688
1496008
769219
889473
2002862
1998640
2196670
233111
313120
1426904
1049293
213411
271093
277207
1395255
256127
558343
1717758
3458951
419039
840687
288245
330807
732671
269254
889343
1055770
768939
276941
1060250
1091284
219294
234107
234165
236780
291172
613407
1268119
1300695
1490314
1792055
2058117
2064778
307345
696700
10525856
1230873
1792283
2582994
3455065
400870
412851
701576
972128
1337378
1248819
13744039
13890316
1494876
237432
604298
689501
843109
1020947
10212133
1027722
1027734
10501628
10526004
1067532
10736661
1074669
1087207
1090684
1126156
1217321
12321170
1267392
1306630
13685350
13685358
13685745
13764890
13902041
13951747
243861
14902613
1506958
1555738
1578843
1595239
1786595
2043510
2044160
205272
2054401
2073779
2077714
2077735
2078156
2082826
2108864
2113232
2133516
2133534
226208
240281
240860
254961
261540
267690
272505
2814364
2925505
306233
381818
395049
512264
528899
598330
7281849
7386676
7567979
7888775
7906760
8004786
8096255
943125
1471458
1615853
2058121
218087
227497
5837534
968967
1010938
301036
955770
1428126
1457443
1593819
2072966
414810
526083
5414329
628297
7139055
813188
10225223
10599428
1071985
1116315
1125827
1166279
12309462
1329665
13616170
13741177
13741179
13742684
13913444
13913790
13915464
13928714
13981664
1405292
14709032
14730002
14740319
14740457
14859137
14891197
14895197
14906856
14913608
14913611
1505970
1557644
1592359
1760387
1973022
204384
204629
204645
2054320
2064443
2070918
2129051
218846
220168
221647
223156
227692
233927
236330
237450
240805
242429
244341
245797
249133
2494965
2494967
259289
260964
2666357
2685932
270764
272680
279100
282239
284314
286210
287187
288235
290117
292907
306372
308575
312136
313505
332839
3481261
3481571
450005
458521
475289
488790
540356
5414022
545694
559663
559756
5849281
615736
629954
634140
639399
670654
695055
7133662
7164420
7165224
7176728
7271730
7308851
7336400
762512
816840
871509
934035
992670
736044
204421
231968
246077
421683
8867095
9630832
1079264
1171604
1241435
1387272
1994728
2058109
220713
279984
5451626
5833116
843260
10309616
1009777
10355092
1300629
1390825
2047051
2496519
2760528
283315
452442
5414339
1005647
1066383
13065396
1422954
256056
272480
7280636
8321590
9630382
407516
475823
10073435
10084810
10112112
10220791
10222420
10260487
10273082
10273087
10273088
10273578
10298172
10302351
10311551
10311561
10355932
10355938
10355945
1040203
10418307
10440797
10470709
10470716
10480186
10486211
1366963
1177013
10559905
10707192
10707761
10709806
1088039
1091680
1098064
11058438
11129079
1117896
1118796
1119949
11276979
11277114
11286754
1128865
1146505
1178616
1194423
1198493
1198556
1209418
1220670
1223771
1246392
12497753
12639499
13137164
1355334
13733319
13844216
13926814
1440944
1476955
14824644
14891048
14892039
14952973
1526634
1575410
1583041
1609759
1633161
1637508
1673873
1710308
1715167
1718800
1760886
2058107
2143964
2151849
2151905
2159356
2162411
2164233
2170230
217118
2172864
2172875
2177322
2177697
2177708
2187656
2189033
2199781
2207392
2209551
2214432
2226457
2494611
2494971
2540001
2542709
2545008
2562206
2572462
2577366
2608190
2617146
2628484
2689472
2695912
2698382
2699197
2699280
2730733
2731044
2733836
2753499
2756657
2815878
2816451
2823857
2824776
2833015
2833068
2838725
2840814
2841190
285172
2875327
2878130
2878317
2881762
2891577
2895003
2924403
2929952
2931692
2956148
2970571
2972421
3460959
3461474
3464608
3470627
3478028
3480040
3481288
3491965
366630
369520
401702
408452
413997
414503
414804
482709
511522
527124
538883
5543610
593168
684210
