7280647
10707757
1573750
508769
8540587
8571010
1462408
331719
1135980
264374
1618397
1471944
1230970
10736155
13731606
1663902
10315816
1033645
1033728
10365860
10396952
10559858
10737162
12787998
466058
297430
298247
10366368
7280623
10041280
10046988
10261574
10263277
10291856
404400
1034520
10440698
10556653
1070548
10736144
10736148
10736153
11279383
7564499
1167309
1168595
1168629
1193154
1198336
1212415
1213253
1223355
12308254
12309109
12309127
12337936
12486438
1263182
1295272
1313970
1338277
1343553
13673751
13726881
13726913
13741169
13980014
13981136
1462314
1469197
1505463
2967185
2191077
2214424
2617450
2743556
2816618
3459067
367227
566671
7441311
7541317
7550352
7652969
7902645
7905047
7997163
8024807
426700
7302565
292916
7271730
7652439
10044221
10045822
10046808
10047165
10048613
10051839
10071457
10108678
10112069
10214067
10214274
10215982
10220840
10222363
1022537
10225530
10226550
10233870
10236497
10237119
10237124
10237320
10240949
10248984
10249046
10251683
10255197
10257808
1025886
10260346
10263287
10263309
10267817
10272921
10281853
10291838
10291860
10291866
10297790
10297810
10297814
10300700
10305461
10311292
10311540
10313348
10315301
10315813
10322484
10323273
10336880
10355945
1040452
10418223
10418286
10434579
10480191
10480204
10486211
10486212
10558234
10559473
10559475
10559867
10559869
10559885
10559920
10559974
10561785
10562585
1058177
10651986
10707741
10709802
10736173
10736978
1078553
1104783
11129079
11279389
11279630
11280498
11280936
11282340
1129551
1140317
1144270
1145666
1149370
2748424
1167611
1168581
1175442
1189244
1192276
1197695
1198493
1210771
1223771
1228606
1237722
1240695
1265495
1269489
1278328
1280761
12871415
1297473
1307002
1308087
1308094
13129161
13137175
1319419
1332325
1336824
1338894
1339658
1355902
13685530
13695210
13702731
13703554
13733388
1376621
13847032
13853084
13871855
13889709
13939635
13975373
1399664
1403468
1404534
1423353
1429192
1452071
14713766
1478128
14892078
1491669
14970326
14970479
14998635
7345603
1522540
1539709
1548666
1548790
1575410
1592244
1620234
1621736
1636244
1653522
1655590
1664354
1664386
1670674
1671593
1685428
1720039
8575625
2002149
2147957
2838240
2160931
2164212
2164249
2169877
2171668
2177696
2177724
2177842
2204902
2207151
2214421
2477058
2542623
2549508
2550549
2550705
2565047
2608952
2613985
2617146
2622810
2629279
2631661
2644339
2644384
2647338
2651147
2653494
2656366
2666657
2667381
2713098
2719748
2725415
2742634
2752468
2753015
2753450
2753702
2786896
2789094
2790630
2794502
2803193
2808067
2842499
2881762
2884617
2886788
2915874
2924373
2972589
314109
317389
323730
331162
332340
338449
338879
3457739
3461378
3467700
3469506
3475728
3479725
3481265
3481284
3482577
3485524
3485528
3491176
3491959
3491967
3492411
373019
457603
468090
477108
480839
501990
553793
5543033
562363
5669088
570209
581164
653629
696944
710816
725899
7293989
7295854
7295856
7295861
7344772
7345652
7352386
7352805
7358534
7358841
7371620
7377412
7379997
7382834
7386720
7391379
7392524
7397232
7400742
7402212
7407645
7408475
7408862
7410303
7415758
7424664
7425853
7432895
7437952
7480811
7481609
7483574
7489350
7494660
7496121
7502763
7509247
7514031
7514393
7530340
7540087
7547719
7552717
7554168
7554172
7574029
7651516
7651705
7652686
7657520
7868513
7868536
7871772
7885093
7885122
7888668
7900636
7902631
7902647
7916041
7922932
7922966
7936475
7975925
7986452
7993332
7993388
7993734
7999020
7999137
8007706
8009113
8012169
8020754
8025103
8036974
8036975
8037812
8038873
8042915
8043841
8050737
8051584
8051769
8056774
8056775
8076592
8076599
8086286
8107254
8119818
8120024
8125705
8127157
8185268
8200536
8205042
8205720
8213961
8265355
8301867
8310495
8310840
8311013
8324591
8394434
8459859
8459863
8550282
8550884
8688355
8783725
8805684
8854144
8857659
8889675
8914916
9014389
9052527
9058111
9148052
9220393
9326590
9379110
9411382
9447702
9684661
9689588
9692540
9717698
9852214
784625
301401
10241066
2790410
7572306
8485674
9673963
1158097
730194
217637
796551
357114
857648
13673654
1478683
13902500
1056351
616079
2005711
5412311
7277185
306451
13757361
1417404
7340239
293832
445270
591322
1555376
451439
544991
1566117
10559856
1002184
10075354
10214268
10219283
10223217
10223292
10226656
10251066
10261530
10261812
10261816
10292615
10297811
10297815
10315289
10418646
10418692
10421135
10484126
1051383
10538953
10539158
10559477
11283256
1210494
1349537
13703692
1373239
13733428
13746468
13891773
13891890
13981577
14734788
1477846
14898220
1492573
1595953
8046595
1664335
1713354
1735250
1763119
2142437
2163222
2163468
8054492
2204245
2551002
2596425
2610569
2617038
2617124
2641061
2650645
2664466
2672307
2679054
2682212
2695283
2702729
2711637
2719760
2719900
2745318
2752536
2753405
2755701
2762094
2763249
2788192
2790591
2790610
2791157
2823780
2840303
2851491
2884598
2891639
2897330
2897778
2897922
2897982
2946927
2958138
330092
332968
3463053
3479492
3484703
3490997
382101
389680
396500
413807
437171
503367
5467877
584530
716306
7163669
7294590
7294617
7344943
7346584
7347074
7352012
7352200
7373020
7382535
7383712
7386729
7442656
7445868
7477785
7489518
7490089
7491082
7498884
7499864
7506100
7521879
7522101
7532210
7540060
7541224
7559058
7563270
7565216
7570248
7570250
7574023
7574065
7650466
7651828
765187
7654557
7864214
7905207
7906899
7909060
7909246
7916037
7937475
8001579
8007388
8007705
8017893
8021245
8031060
8034872
8044511
8045720
8046404
8056779
8057288
8077327
8092815
8119836
8168387
8177167
8183961
8194137
8197216
8202057
8209593
8216451
8229408
8235545
8248520
8248552
8258814
8265099
8266338
8310907
8319916
8324583
8335277
8339328
8340696
8377834
8378180
8394167
8394279
8398045
8398047
8409170
8454059
8468191
8482629
8550367
8575883
8690061
8702578
8719656
8740856
8820512
8882524
9064360
9074572
9074700
9284094
9386248
9727202
9893173
9921219
10048263
10053297
10075027
10075485
10095166
10099413
10219351
10219662
10221005
10222378
10236208
1023628
10236696
10245677
10248978
10248980
10273023
10283476
10290096
10344593
10349647
10415302
10418647
10440786
10447578
10474492
1047715
10479754
10533834
10559797
10559853
10560032
10561456
10561693
10561728
10561729
11276610
1184559
1184646
1184782
1184842
1201852
1209204
1210881
1219881
12359438
1259440
1268610
12871379
12871414
12871427
12871438
12872071
12996783
1349717
13618386
13664870
13703813
13704630
1373257
13733397
13940140
13952451
13968676
13980586
13981333
13981579
13981582
13981584
13981585
13981587
13981589
14425684
14428004
14615818
14624237
14659128
14840207
14841951
14873920
14898222
1562427
1576330
1584557
1608737
1618014
1657576
1706411
1750372
1777452
1778624
2146356
2147644
2171672
2174975
2216608
2274799
2541024
2566150
2573702
2573945
2576902
2595799
2596566
2598885
2600509
2601453
2618814
2629036
2630078
2635736
2636178
2636196
2642288
2664953
2674358
2675453
2684480
2689744
2689753
2699356
2704337
2704354
2712287
2713023
2721775
2725623
2731971
2734912
2746974
2748029
2751063
2763149
2763168
2763316
2763328
2782845
2790726
2790775
2790875
2794138
2802589
2805264
2805532
2810331
2813424
2820020
2835442
2837059
2840852
2865469
2865636
2873151
2891677
2892520
2927637
2930201
2930221
2931598
2956109
2956477
2960674
2966476
333395
338119
3459146
3464581
3472121
3475099
3478451
3483502
3485525
3485526
3488967
352707
418148
462763
482079
484918
500388
506884
5455721
546616
5467884
549741
5501473
551270
567112
5894164
691451
705031
7294028
7348867
7352537
7366563
7370000
7380188
7386634
7387022
7388351
7397787
7402263
7412929
7412974
7417595
742942
7439490
7440427
7440436
7440440
7447371
7454964
7455765
7458118
746808
7496088
7496822
7501433
7509232
7509238
7509244
7509252
7509255
7512466
7513190
7513716
7514028
7514682
7521539
7532398
7538910
7539130
7539133
7541429
7542155
7549098
7552411
7560218
7571453
7572342
7579156
7651790
7651915
7654559
7659749
776194
7770176
7775794
786333
7894676
7900497
7906971
7920754
7920859
7926537
7926538
7926539
7926540
7926542
7928706
7928910
7940041
7954792
7957692
7975927
7990136
7990373
7993201
7996053
7996256
8003688
8005808
8008663
8011620
8014800
8017828
8017829
8017830
8017831
8017832
8017833
