7316463
245044
1392875
296240
1009122
976343
266069
1387702
7316462
2066774
7280647
354387
769377
211505
1329512
307842
2127293
229630
10510290
1405965
263494
392535
2085700
1575873
245423
1377108
354330
10510324
223404
11779364
254700
276544
890663
1255022
10510069
2070928
1615853
938921
235874
13740833
2116702
10510321
1001402
1020119
1038959
1042972
1075592
1101881
1136779
1136891
1143315
1181294
1277888
1411881
1584819
790142
7288938
1024227
598219
309610
1332939
2046950
233822
268885
331719
1036660
2076226
5453547
213508
11286877
13741949
210549
208674
7280635
1508950
242937
844042
13929448
10204540
1230970
1025072
219957
236497
2494811
4770714
606083
711594
209483
338615
218394
306387
814840
1248819
889473
466058
13132725
400870
250890
13801146
7316465
308831
283058
209047
282561
880983
2129009
412851
2111305
407200
7274418
245084
2065932
1007722
1007797
1017566
1019119
10240852
476441
10525914
10526002
1057472
1057968
264374
1066652
1073449
1073719
1075182
1076488
1082422
1105238
1121408
1123022
1126449
11279515
1131409
662699
957348
1157552
1158387
1172914
1173300
1219593
1248696
1250574
1285311
13749128
13851890
1422028
1422062
1425604
1458426
274606
1543197
1556308
1582557
1686649
1707413
7333668
299800
205846
2073599
2095406
211857
2126082
2133503
216790
246501
280994
291565
309114
310004
318501
333252
413834
453908
7288684
7317535
763608
790532
298084
1076359
623090
207870
5683921
7280636
7279415
2494973
2494989
816738
3470641
3464148
537383
9129668
204852
247696
469305
10287598
259161
768939
5830696
1070831
2116678
2156315
3465077
332405
270749
2085814
299256
8001390
1271701
414915
1496008
1103753
286087
267406
301981
1069190
1220183
293153
474030
7279810
1243527
10420352
1070001
12273606
1342516
13587807
1780209
2044871
215265
222820
2494979
272505
306233
306939
365248
718133
7319923
804428
1669098
267878
7280623
609068
235725
13065373
264792
406662
1331259
345476
10510091
972644
14919220
1169888
305927
1397533
1335210
1337314
1299094
2115463
232144
7276963
7472372
1103789
230867
280685
1005156
10206656
10212133
1036917
10386569
1045880
10494787
10510287
10525997
10526004
10553301
10553351
507741
1068314
1068568
1089618
1091900
1100021
1105817
1106681
1116179
1117225
1122047
13981021
1135519
1137041
1139646
1144535
1168244
1169846
1175705
1176092
217919
1215607
1229340
1246873
1247792
1260248
352989
1287247
262565
13749338
13759181
13840432
1389698
13902608
13903525
1402480
1422099
1429322
1430586
1444037
1445206
594740
1565018
1674163
1699043
1699085
1801109
1969927
2046405
2057257
2070914
7317701
2085809
2097526
906153
2108400
2109208
2343788
2129990
2133522
2133534
216852
220208
220801
240957
2464324
7278030
256502
277718
278398
286577
290777
292605
309771
310516
311571
321797
3451513
392372
468854
593618
5962431
7275303
7275306
7302499
7305476
7323015
205796
2083484
14895181
785715
1009116
2070922
1068559
2070793
1171808
1234820
1244989
1398532
1588970
2087938
2104127
2488548
257166
547368
332601
12255619
7303681
1281008
212325
623892
2169975
12285514
10357938
928512
8460569
1208396
242343
10510326
560832
1392586
1134115
1208550
244723
7576307
250050
269532
649608
259396
407516
7329115
2343783
242359
2104023
266957
1618397
438598
730117
981566
2775811
1058296
1268271
215295
10510312
13677475
1387272
1056774
1111129
1329365
1455861
1775536
2071028
211367
2127368
235517
2494828
565567
272110
313341
3938581
774012
8289512
972128
1308432
1422954
324841
9129664
1007617
1827429
3462779
365404
7928853
8900793
10288276
300804
526046
13766598
252352
223901
613407
3471848
1192589
440660
1002961
284314
256691
330840
3465071
3470487
7458708
842236
221647
1416695
605776
288245
7279693
2043337
12308850
13665127
1467614
14866112
1764925
10287936
14715196
14919199
505753
255980
821869
1027734
2003014
7282467
10509976
1174400
2090879
306548
313566
1344903
1610918
1082857
540356
1057541
209815
1615837
1593648
14950866
14960323
2075791
1390840
1457403
2070918
12284767
205633
302725
972330
10736434
7279059
10510180
7280631
1561243
228054
307850
939399
1207639
275854
5451608
1686878
1002840
2053178
1010059
1015904
1022887
1030064
1031485
1036671
10510315
10525852
10553329
1055458
1058179
1064012
1069224
1079617
1081586
1090833
1090851
1092498
1094210
1099439
1104988
1113116
1121040
1121137
1128867
1132692
1147739
1161420
1166617
1183804
1189131
1199074
1329786
1219734
1234848
12410824
1243712
1248016
1248866
1264987
1318200
1331299
1332076
1332198
1335407
2050484
13757341
1379898
1459938
1526598
1592050
1628488
1661776
1693171
1723469
204475
206158
2070906
2087712
209618
211302
211869
214740
224924
236780
247853
248487
2488612
2551148
256390
260390
266076
267503
278512
282372
285289
306122
413300
466624
482099
606276
650924
688386
702652
7277036
7317858
7317875
882106
241187
213411
332839
1032177
1051695
1059240
10736447
1171019
1596421
1622422
205967
209838
2119619
237344
254965
7288990
943212
288760
1490537
291986
2118057
267004
8523344
10386600
3454712
404129
1471458
253589
239132
7282144
1160416
258542
222678
1104072
598177
10261559
10358978
7278100
7278101
1255450
234165
8322233
1430563
818647
12380958
1737110
1307229
1357564
2070920
14959061
2137447
260672
5958550
216112
221917
239488
1600905
299465
388144
471104
205272
250146
266491
233111
1103868
537345
330807
5070467
686764
211140
1208295
1101088
1723283
380920
8595804
1013380
1014919
10284008
10358343
1044213
10490166
10562785
1058109
1154713
12313539
1239858
1252541
12588300
1387297
13942603
1681957
1707574
1727736
1740144
1775509
206818
2076033
212202
2127386
2129010
2129014
219196
219286
222305
231708
233598
261155
2613798
263525
269254
269964
2710473
279148
286555
291949
294758
3028857
308482
3475665
3481571
3491952
360548
446949
528413
540273
541127
5413491
5414022
555826
5684974
5722894
5847915
5849024
592354
5974550
615896
624261
675442
693203
7170362
7275832
7277963
7279013
7280546
7302569
7303870
7316947
7399876
7413123
7475097
7475276
763464
790183
7981552
8310835
8558835
884830
8877987
8884267
894309
894502
908680
936137
969196
981860
983052
13744044
463390
590470
345296
518715
893349
10237128
7280633
2100894
1075241
1337276
348843
515359
730722
1361801
248482
402373
5440931
2116692
270380
279815
522564
7280638
2116814
260092
309769
344359
398659
1355551
1494876
5838751
595456
7319871
7472339
1829529
1066740
1110513
1159960
1207897
1210066
2044160
2080478
527153
5963456
7282227
914149
1374937
615750
7304875
2078143
260471
267673
13556491
1395672
298273
12753599
2496522
262593
220425
290570
204283
10396952
889494
253261
1417132
296696
12284628
7280649
842270
1171155
218177
3455065
4770958
1003267
299601
206592
295413
5069784
624483
13586932
10358341
10366368
10556112
13066523
204298
2057255
526261
234463
892329
358187
8698474
358599
10490382
13894353
248892
1004039
1008722
1017387
1022989
10235400
10237373
1024350
1026077
1030237
10309862
10310160
1031749
10357664
1036973
10525826
10526007
1052619
10531379
1054554
1056477
1057799
1058329
1060060
1066728
1068641
1070461
1071171
10737035
1089028
1092433
1099473
1101977
1106315
1108791
1117011
1117356
1120263
1121860
1124268
1126058
1127602
11276430
11276450
11277010
1129374
1132215
1144592
1147640
1152216
1157619
1188737
1200305
1200742
1200844
1208819
1213948
1215895
1218554
1221885
1228434
1229354
1249944
1265048
1266828
1271589
1273430
1274933
1287082
1309054
1312337
13125159
1316019
1330250
1338470
1351207
1354024
13685739
13685801
13749404
13749708
13749741
13749873
13750595
1387514
1389930
1395513
1399413
1411119
1412074
1427080
1441581
1491554
1515181
1563928
1584897
1585522
1592194
1625708
1672024
1739565
1747851
1760096
1801100
1832797
1969920
1985450
1985579
1989830
1990165
1990913
1999524
2044151
2044624
204863
2050478
2050482
205584
2057259
2059195
2063511
2065874
2070016
2070629
209004
209225
209978
