1160416
1666244
7328681
1054496
1002840
10525882
1418623
1005419
1030228
1010960
1017566
1026041
1030034
18076729
1031729
1034240
10553335
1065167
1066652
338693
1078678
1089618
15988351
1160195
1113116
353091
1129462
1136834
1137958
5965651
1208819
1217853
1556308
1256103
12641029
1342672
1596421
842270
1422167
1425604
1441440
1494103
297322
338951
269817
18307676
309240
440660
381195
2089247
2089294
2091674
5451608
210398
308482
2133522
223404
3451498
5453562
5567587
5906265
804428
1121299
222708
277253
287187
615750
2128843
1392875
560832
13740833
229630
769377
247937
598219
920557
276544
10287936
1329512
1337314
205796
265543
2066774
2102679
2113234
414915
7276963
1001402
257816
280685
4770958
769003
1335210
2084651
407648
893349
1169888
1267673
13138984
14667063
7279810
816738
283246
288245
1166063
1651603
271352
311479
330840
332405
7279820
7316465
13743386
267878
526046
5901634
7316459
10509918
14608880
14760281
2123243
296767
565567
1300695
13801146
2056189
285827
10509856
10510091
11275325
2066794
2498001
292875
311580
313566
465975
595456
730117
793520
936272
938925
10556112
12284767
1490537
234165
268885
286087
304367
305927
339104
8595804
1079264
1155749
13139680
1552907
2341662
260092
279139
482847
13744044
1541711
1792055
2054849
2055596
2113243
2132820
245231
287380
288436
4709300
483031
526083
5414341
560556
5845126
7319871
7320414
843260
9630330
13586936
1394454
1478894
1615837
2056020
216861
242343
260666
279264
334249
343624
480984
598161
641433
677969
712948
1000860
10525856
13677494
560773
2003070
2085814
2113236
212325
2494611
261155
313120
330807
332717
5070467
537383
579737
598177
701701
7350486
1004769
1058296
1101088
13139228
13766598
1417132
209538
219294
264492
273993
281452
298005
357528
379455
5414325
5837534
604298
768939
9129664
920502
1103868
1372864
1395255
1426904
1714448
2066788
2341660
267067
278022
450356
489659
641045
692264
7472329
7472812
972128
1337276
1397533
13989896
2046633
2073766
1006429
2494979
255615
258993
613407
5832271
13066503
13743570
1600905
1827429
207737
226216
231283
271496
282928
340550
489574
5414329
5608958
743613
8460569
8867095
9129665
10288276
1103542
11053888
12273606
13065507
13758614
1439349
1457443
14692411
2047051
2049586
209225
223539
2494983
291474
292748
407598
452153
482961
489492
5414355
5440931
560354
5829481
5842390
1103641
12285199
1250829
13065396
412878
7317572
14475726
2058107
2058109
2083473
2113228
218087
233849
234308
248800
2494403
2494961
269661
286774
288096
400870
5837340
6187809
7288936
7303841
7472391
769221
847609
961320
976112
1198046
1282688
13677475
1422954
1527632
1614925
1667683
1822571
221917
238144
238716
2494973
256127
266299
287254
289135
309401
358005
379425
405393
5414339
5441688
5682388
609839
686764
693264
7324524
7477743
7589352
825331
8596155
1146170
1490314
1648635
205329
2091017
2115463
211571
230358
237223
240791
2494433
2494971
2496519
250409
358187
359751
365531
395459
405774
479094
5414351
5453560
565661
689501
903775
963676
1049293
1207639
1295984
13139775
1344280
13766547
1394434
14447811
14693518
1970057
2046762
2047056
2070237
211167
2113220
218591
2494624
250280
262139
289557
305010
3455065
358955
415141
465574
255122
482728
482955
5835751
5966282
638142
7945296
875876
889343
935864
10287598
10355092
1133807
1251968
1305686
13065450
1311128
1312018
1387683
13890339
1416695
1490504
1519980
1561243
1694944
1729128
2058121
243319
2496325
266074
291172
298102
3028857
357654
5070364
518368
5413469
542867
5829487
5838335
5957509
743599
7471894
7472346
7472372
766232
839091
914212
920304
941147
1323462
1404602
1435583
1524342
1588593
1601896
1819759
205967
2066784
208129
2128155
220161
224129
226251
2494603
254776
259013
264577
275043
275919
283053
295413
302264
306246
311019
360174
412905
4770952
5412885
5414353
5440929
5563762
5607542
5735798
5835770
590489
5953971
598373
640894
7316460
7590595
9129672
9681367
10546881
1119588
1296054
13139079
1337289
1341404
13556491
13750981
13766563
1394509
1441496
1541764
1614854
1723247
1992697
223118
230624
243801
2494977
249963
292638
296816
369115
3938581
412851
468722
5069784
576227
5842177
5842392
642512
649636
7139055
813458
876335
9630832
10491660
10542288
1081603
1338470
13740840
13902500
1432379
14447091
1509350
1558901
207652
214414
227497
240556
250146
256862
259366
259800
272252
286224
507308
5740486
5849008
613941
676791
7144261
715378
7472339
7477713
7569722
9129679
946209
960076
965693
971670
986322
10287791
10546883
1092396
11059763
11271039
13743523
14657657
1485889
1554225
2084368
2093871
219375
231539
2498007
252815
266343
278416
283315
297349
4409626
507256
5413491
555129
5568639
5829466
7303847
7303873
7375288
813486
8877987
9129667
951022
1011537
10288248
1068641
1078126
12306008
1241900
1251953
13140016
13743450
13743528
1538453
1541590
1648681
2046963
213507
2496526
260685
261854
265358
280405
305963
310486
398705
4016346
457413
483099
5683921
5723809
579598
5838997
5844657
5910858
629516
642549
7273144
7279814
7280641
7471916
7678710
7851622
848404
11059751
1159540
12273726
1337378
1351307
13736234
13764890
13870943
1411132
1475534
1478265
1497463
1552981
1593648
1609520
2058119
217765
223919
225754
226789
271446
379404
475823
537539
5833154
5955028
5966142
642612
692221
7288694
7472823
7928853
843885
853959
881243
882369
912010
9129666
9129671
1010935
10212130
1115513
11279595
1207053
1244801
12638351
1299309
13056256
13583855
13587266
13609162
1368741
13740815
13743430
13744909
13801085
13801614
13894353
1465037
1530711
1629921
2054863
205633
2087712
2103690
219479
220540
228569
2494464
251455
254669
346883
399170
406662
452587
5561995
5563132
5563726
5607872
5827209
5836934
5838493
5847920
613924
7272478
7276960
7278669
7353284
819751
8305956
845951
859008
8677195
9308757
9630301
963574
969152
983215
988383
10131012
10270415
1029503
1033055
10404980
1060870
1068322
11021266
1191736
12316324
12340500
1307448
13139202
1341047
13619779
13740827
13744504
13841404
13942603
1395104
1445706
1456979
1539743
1588912
282813
2046674
206242
209246
2103697
234771
264659
280077
284305
2882027
305556
322285
358599
406831
413512
444800
497850
526109
537304
5413463
5414327
5441680
5582138
570542
5723832
5835093
5974528
598276
614039
641097
649658
714098
728124
7472411
810146
8297300
908154
916515
953307
1008306
1028646
10550805
10562780
1119564
1167148
1207601
12271530
12313535
12316357
13900807
13907281
1412206
1441607
14690327
1651645
1723283
453736
2071220
2099394
210626
216749
2494554
2496534
2498013
250392
266232
274758
312621
359000
380390
398565
406482
4759723
4800582
517206
529457
5562270
5832273
7135510
7353653
735766
7477715
801232
804712
804978
8865388
9129759
981566
1072724
1093348
1103949
1160861
1358897
13665127
13665581
13724164
13758435
1391953
1405864
1439392
1458476
1583709
1782303
1970051
2005711
206406
214533
216852
235077
238390
238897
239785
284588
293828
332437
347732
382109
435493
4770649
529389
5413514
5837171
627500
7288779
730219
7350582
7590163
867712
872776
894586
9630725
10354903
10420353
1088685
1286524
12947441
1320820
13363105
1405799
1415652
1471865
1479795
1490257
1583910
1604524
1698112
1751463
1970049
2046843
207671
2116680
2133501
221693
231968
2341658
236989
237474
242402
246077
2494331
2496522
2498005
2498017
253034
255971
301028
306351
309447
314277
322856
330781
332813
332924
347247
355587
421883
4770651
511703
5838364
5841285
5842246
590696
7278101
7288717
777487
796751
801165
809073
879787
930881
951611
1009777
10291489
10543041
10555697
1066383
1070716
11059746
11060194
1124572
1191674
12229284
12249044
12310349
12323695
12425999
12440249
12596082
13618814
1370604
13744023
13748073
13766539
13801112
13871644
1412460
14397450
14427683
1629984
1644327
1665394
1714486
1723184
1985179
