7313936
10519374
13758601
205792
1329239
295363
302254
468417
1440673
1078678
998156
7334034
13557165
732351
2099342
7279429
24019611
26553425
234008
7281700
1396978
16599769
2121730
10551724
273474
2100953
967719
14948718
12690256
2895548
7337584
621757
362309
32932901
5837564
1063063
263324
413945
2071226
334040
427153
758101
18393790
33847306
286884
1126611
789985
668419
2100720
231494
1016606
819377
1520912
216228
730511
31233345
820430
7316933
906707
355235
13124785
293547
1063440
5962627
1058469
2001134
2774774
7276933
2070032
7280027
623313
7320150
992349
7344840
1112628
303044
982162
18910097
7318424
258471
2113869
273935
7327116
313985
884979
1113116
7567988
7303870
9334522
1986930
2108874
2131176
2120813
704024
8596291
311359
7280034
7350483
7320222
304470
7323239
2063309
952063
5952214
608307
2487601
1192662
2049016
1540346
5829470
10736422
637493
2078148
2086007
23153315
20381238
926703
12321228
3491979
997099
211697
7341599
24267635
358107
2004424
31308604
14384802
291371
231606
1079594
591326
18220550
2085704
7280062
7280038
1000118
258716
2092591
2108932
2081665
1390791
9271471
308865
5424844
14740291
343090
275129
2004483
1004921
1168265
224635
380032
309125
2128498
371696
275271
213994
308270
507150
1664506
234433
311958
661724
20655236
232429
290993
15314728
31250017
15707591
2088229
405691
13875720
304836
1111698
241061
282789
1559749
322341
626200
2131287
324644
265682
7317985
331632
13125285
715402
1344013
2100959
7332912
1281720
1983585
2000713
602665
1094353
1341139
597795
5896558
962396
1439337
2108886
948726
7280029
1200647
1490565
2078497
1392260
7298988
23180171
7319920
265428
241146
615860
1208649
7276923
2084795
432967
1012440
7280046
2120850
8865658
2100975
7323207
7313253
23687622
947957
7303136
2119925
312767
7316907
7325804
2121837
7316479
1626149
1203865
23684621
13685776
7333383
1304304
214235
792405
221131
421827
1171130
7332274
7297228
1103081
7317558
2101018
13056185
7301799
298276
7317903
7299936
2072585
7317911
1993993
2120847
270100
2061276
7320768
7317851
211884
1145553
2100998
2120848
7331737
223700
7318789
288191
7336773
11276797
1562122
2100941
2072617
7320154
1734283
433588
7326213
483721
2081567
7337610
1066167
2108934
7330701
2100962
1149983
2081553
315570
5836613
2066047
7319583
10208593
2123500
7315182
2620510
7317477
961725
599763
7322100
7329997
628657
7356082
7335319
2081579
15670455
7319222
10489543
314388
319990
341446
375831
325311
1587372
324461
329108
332515
13673611
362243
1338898
377474
8744791
282578
27854739
7641462
400673
5904448
14955719
30855742
1621031
16542924
7272483
14933377
1023856
18111797
317485
14949239
5421213
14904825
14949272
18383635
16296427
608990
20654663
1261659
7316802
31262833
7336776
1307076
23789344
30931308
14901695
7947017
604988
14904884
331719
946215
2070947
2063314
7352899
562363
692762
2082030
1001756
1002647
10026916
1003846
10042241
10043852
10043867
10053260
10053320
10053428
10055322
10059381
10063402
10064214
10064226
10064470
10064898
10066610
10069512
10070449
10072075
10072172
10073337
10073435
1007447
10089852
1009179
10094502
10095275
1010491
10105366
10105769
10105791
10106024
10107920
10108678
10108722
1011104
1017386
10174916
10174921
10174927
10174938
1020290
10212824
10213149
10213155
10213245
10213714
1021384
1021405
10214480
10214492
10214729
10214734
10217916
10219819
10220388
10220552
10220679
10220736
10220773
10220840
10220867
10220897
10220901
10221050
10221070
10221630
10222037
10222043
10222158
10222447
10222887
10222895
10223012
10223344
10223346
10223358
10223617
10224604
10224711
10225285
10225511
10225849
10225862
10226088
10226160
10226506
10227139
10227140
10227379
10231004
10232153
10233727
10236288
10236291
10236297
10236316
10236340
10236386
10236411
10236649
10236686
10236978
10237115
10237116
10237125
10237152
10237458
10237465
10238053
1023883
10241060
10241067
10242085
10242107
10242145
10247215
10247247
10247299
10247359
10247602
10249039
10250973
10251050
10251063
10251070
10251078
10251813
10255184
10255194
10255195
10255201
10257839
10259004
10259021
10259045
10259135
1025917
10259415
10259438
10259654
10259739
10259781
10260436
10260489
10260505
10261460
10261502
10261622
10262540
10262758
10265514
10265698
10265699
10265706
10267826
10268151
10268542
10272122
10272489
10273262
10273264
10273265
10273266
10276394
10277286
10277401
10277406
10277540
10277708
10280658
10281662
10281663
10281683
10281686
10282036
10282092
10283709
10285383
10285390
10285924
10288591
10288631
10288647
10288660
10288854
10288856
10290052
10290122
10291838
10292558
10297788
10297796
10300295
10300667
10300704
10302052
10302166
10302232
10302234
10302325
10304523
10304681
10304684
10304688
10304692
10304766
10304772
10304776
10304795
10307117
10307121
10307281
10307402
10307403
10307405
10307409
10311544
10311556
10312700
10315665
10315732
10315738
10315739
10315742
10315747
10315768
10315793
10322447
10322485
10322544
10323207
10323267
1032344
1032430
10325048
10325054
10332946
10333129
10336142
10336147
10336148
10344336
10344340
10344557
10344558
10344614
10344792
1034520
10347750
10347777
10347782
10348299
10348302
10349647
10355931
10355932
10355941
10355942
10355945
10355966
10356012
1035736
10358184
10359263
10359265
10359266
10359267
10359448
10360172
10365860
1036945
1037883
10397573
10397771
10397774
10398697
1041190
10413794
10414601
10415270
10415289
10418286
10418365
10418369
10418371
10418373
10418379
10418420
10418423
10418424
10418428
10418436
10418437
10418450
10418534
10418640
10418641
10418645
10418647
10420336
10420340
10420958
10420990
10421068
10421069
1042445
10434052
10434487
10434579
10439684
10440684
10440696
10440698
10440829
10440832
10440844
10443982
10450357
1045450
1045471
10473223
1047528
10476228
1047741
10480183
10480198
10480206
1048076
10483233
10484547
10484651
10486221
10489681
1052012
1177013
10526054
10526075
10526090
10526112
10526122
10526348
10526352
10526355
10526356
10526376
10534001
10534003
10534087
10535541
10537534
10538747
10539141
10539157
10539160
10540978
10540998
10541012
10541019
10551327
10556666
10556670
10556692
10556729
10556772
10556867
10558039
10558234
10558237
10558240
10558243
10558420
10559795
10559816
10559840
10559895
10559897
10559898
10559913
10559937
10559965
10559966
10559977
10560023
10560024
10560032
10561234
10561290
10561562
10561578
10561601
10561661
10561734
10561736
10561755
10561783
10561914
10561937
10562263
10562279
10562281
10562294
10562296
10562311
10562314
10562320
10562336
10562587
1058240
10594773
10595938
10599479
10603690
10603693
10604713
1069279
1069506
10707049
10707726
10707784
10707869
10709827
10711413
10736036
10736178
10736403
10736409
10736412
10736413
10736416
10736544
10736638
10736678
10736681
10736768
10737081
10737167
1084703
1084972
1089812
1091094
1093353
1093376
1104963
11055353
11055510
11055559
11057336
1106145
11067918
11104363
1115601
1116305
1119143
1119822
1120080
1120335
1120439
11264180
11275640
11275648
11275651
11276417
11276506
11276912
11277113
11277120
11277129
11277190
11277224
11278953
11279720
11280539
11280799
11281320
11281622
11281648
11281658
11282114
11286679
11286810
1129273
11300748
1130695
1133004
1134842
1134889
1135061
1135220
1135527
1140474
1140700
1140719
1141940
1142864
1144561
1144602
1145013
1149307
1151883
1153715
1153751
1155536
1156123
1158457
1160633
1161024
1161059
1161814
1162071
1162156
1163484
1164810
1165354
1165810
1165987
1166142
1167373
1167682
1168847
1169164
1169910
1171139
1171880
1172252
1172919
1173795
1174116
1174197
1174470
1174490
1174909
1175089
1176150
1177115
1177168
1178073
1181012
1181389
1181762
1184494
1184646
1185048
1185771
1187569
1188683
1191214
1191337
1192002
1194166
1194240
1194314
1194826
1195717
1196210
1196807
1196920
1197137
1199263
1199277
1200960
1201093
1201594
1201720
1201868
1202043
1202238
1202412
1203186
1204219
1206355
1207474
1208121
1209414
1210221
1210494
1210551
1212885
1215414
1215538
1216665
1217050
1220275
1220433
1221429
1226411
12270866
12285020
12287019
12287912
1230719
12308491
12309019
12309111
12309115
12309323
12309427
1231144
12317338
12318321
12325205
12338035
1233843
1233857
1234075
12343665
12343674
12359419
12359420
12359423
1236223
1236385
1237206
1237941
1238295
1238594
12393613
12416312
12417550
1241881
12419793
12431394
12431574
12432028
12432065
12433963
12433983
1244084
1246766
1247469
1250507
12512361
12512394
12512405
12512437
12512446
12512457
