267004
253063
7278060
1672980
914149
255551
233212
421356
7303170
7282197
730722
992202
2093857
7316320
10510308
238371
294654
459236
246447
2241139
7928848
8783400
879787
9145084
598276
214743
1092786
1204428
2076901
8242836
9129673
10510336
728183
837232
7316321
10466961
1320602
1431185
1622871
2238321
5835869
1082980
3483207
1795626
215615
2060436
2046790
299601
385669
385710
5568263
623205
626612
7279443
7355072
8369596
8801133
279085
1330397
1474257
1679764
3479030
7277009
7501242
1984480
3490050
530078
1576721
965878
5907303
626646
8806653
1094823
2192163
5952097
627511
1060189
307365
990794
10323202
2086655
230949
267960
432679
1262914
332098
398389
1003552
1465978
2045250
