1128007
248363
290008
223404
2067467
229630
266069
920557
584771
10287936
2102679
2121739
268836
276544
338615
393278
816738
1060250
1230970
14598377
1993571
2045461
7316465
791352
914149
14608880
5453547
13801146
2056189
271352
432666
247937
279139
10509918
1160416
205796
267878
5901634
1274047
14760281
1651603
288436
4770958
296767
298005
466078
1552907
304367
515970
10509856
1365918
2000907
217118
298247
305010
10525856
1056889
1392708
1410617
2059925
282982
297430
13900187
526261
7316459
843260
10309671
1996503
2046633
2133136
260092
269475
5838925
5912615
604298
889059
12285199
696974
1155749
12284767
13065373
1397533
1992869
216861
234308
260666
305927
712948
843885
1426904
1449893
5723812
5414325
813486
972128
1103641
11059763
1146170
13677494
14478423
1478894
2058109
2115463
365484
400870
7303841
1527632
1581520
1827429
254776
330807
560556
768939
790515
9129664
1198046
12273606
1251953
13138984
2093855
2113236
214414
214533
227237
234165
261155
273993
310486
359751
489574
489659
7350486
847609
961320
14490170
5829481
701701
825294
1490314
295413
882369
976112
1008306
1196404
13140016
1479072
1561243
218087
223402
226216
2341662
245084
291474
292748
398705
237042
555129
579737
5844657
769221
813458
8867095
905976
1312018
1404602
1566970
1694944
2058121
290570
465574
5837534
998156
1055770
1103868
12313535
13736234
13890316
2005711
211571
254770
292712
432455
10268581
1088685
1127502
13124755
1448590
1588964
1614925
211940
238208
2494983
259170
266074
285197
292875
3455065
584059
640894
7471894
7576307
7589352
1011537
1065433
1341404
14403890
275919
278416
297349
395345
5833116
7135510
7279814
7282467
7534822
769003
10287973
379425
1255022
1341047
1391953
1405316
14557139
1475177
1601896
2041718
204421
213507
434406
248800
274758
296750
332717
540018
576227
606969
641045
894309
1009116
1059413
1060430
13743528
1394454
1485889
1558901
2070024
209246
220161
221917
226179
238897
2494977
256862
265412
286224
296816
301629
358879
365709
468722
5069784
5589456
5608958
7139055
715378
7288851
986322
10287791
10562780
1060803
1062723
1245141
1279443
13743523
13766598
1387299
1524342
2066782
2103690
229146
239027
260685
262022
2665184
306246
347732
360174
457413
479094
5832271
5833154
743599
790183
8216626
8877987
889903
916515
1010935
1065467
11059751
1116667
12489053
1306544
1395104
1473745
219375
2494449
251896
251951
255971
274729
275043
298102
314277
406647
5835891
5837340
7276950
7278645
7375288
7590595
8460569
8596155
1001110
1205440
1368741
13758435
1490504
1591328
1614854
1639296
1970051
2119600
2128865
218591
222820
237223
2498007
251455
258504
272288
301028
395294
453185
465975
521688
555332
5829470
5836934
7477715
9073083
9129671
936272
965693
10405795
1117119
1156357
1183015
13066523
13139202
13740815
13801103
1429061
1541764
1734053
1999524
2046792
210626
221982
223118
228253
246368
294654
3458343
296205
382109
383186
395491
405393
518368
5568647
559581
626338
649658
7446166
792580
804978
960076
990733
1007249
1162047
1248245
1296054
1305686
13556491
1405864
1503510
1588593
2058117
2066772
2128155
216749
258993
270633
279532
322988
332813
353445
555086
1249994
5964238
692125
7356688
7475543
853959
914212
10291046
1175390
13665677
13766563
1558967
1583709
1647164
1737632
1970060
2087712
2093943
219167
2494624
252815
276350
277223
286774
293828
302264
358187
472473
5070121
579598
642612
7276968
936111
988383
993935
1030674
1043214
1148292
1394509
1404618
1455346
14693518
1474460
1519980
1588912
1604524
1716795
238390
239167
284396
289733
353116
359198
518757
7282411
806583
820975
8348471
866675
990312
1090653
11053888
12314155
1353756
13744056
13766547
13841418
1428168
14442838
1717785
2084368
268228
281990
283396
351922
4409626
461385
498010
511703
5962772
745998
7678710
10309755
13764890
1412206
1504388
1530777
1621031
1628292
1735243
2044731
241857
2118333
2122998
212305
212690
221711
244010
2498003
250353
262426
262482
277666
13871664
330781
390582
470614
475823
515904
547028
5684074
5725233
5829487
621793
7297312
847284
9070109
908154
966116
1037832
1190027
1274044
1370604
13736192
13801224
13859469
1387720
1464571
1598211
1705760
1827437
1997951
206242
2064459
2066776
211229
230025
239582
244449
247550
2488266
2496522
259972
263392
263895
3028857
302960
380853
456534
488887
5846253
590489
675475
7145740
715841
7272162
7280525
7324528
7342133
736980
804856
8352680
951022
1005796
10219333
1033765
10413343
10420213
10420354
10546883
1070761
1115574
1117430
1120077
11279507
1137340
1140166
1170200
1187734
1207095
12279257
1234433
1254555
12596082
1265328
1286524
1300458
13056256
1307391
1312194
1317206
1323245
13583816
13668166
13758608
13814607
13848166
13851530
13894353
1390696
1398773
1404972
1405216
1419385
1422096
14498357
1459345
14653000
14701538
14704110
14741412
1479795
1583608
1598404
1616294
1627404
1627601
1627977
1753046
1782303
1988082
2051080
205192
2063046
2063368
206551
2067349
207372
2077628
2085822
2088321
2091382
2099357
2113230
2121932
2127076
2148555
215385
2160312
2160320
218941
220691
226016
226919
227692
231539
232144
236002
242275
2477706
2494483
2494487
2494500
2494554
249938
250501
255705
264966
265300
2686712
272068
2786135
279701
280207
280405
2827633
286984
296082
297040
299076
304081
304338
305461
311438
312241
314232
3460595
3469314
355587
357918
374156
379446
398565
422095
434413
435253
479028
481018
690967
490057
517163
518647
535222
5413493
5451586
5451642
570542
5723832
5835850
5842348
5845555
6401833
641097
641716
669392
677977
689587
695553
7272478
7272630
7275797
7282450
7303847
7314656
7341749
7351297
7351495
776245
783739
784461
790622
8041995
805530
8186053
818832
842759
846674
849176
8675647
880419
880574
8864769
9069877
9166271
924888
9309367
943028
949032
957239
960464
992148
1006402
10467361
1195052
12321180
1284442
13801207
13870943
1426672
1439392
14692411
1491800
1735663
2046674
2049163
208251
2116058
217713
2457304
272333
309401
3466167
359115
385554
435225
435291
465867
5955190
7279830
820769
874769
920949
963091
1699043
10432944
10434034
1058109
13757352
1680968
1089618
1132598
1221772
1147739
1277555
1178616
12410817
13749338
1432746
14558305
1557856
1709565
1735901
1741751
392317
2058078
2066780
2117326
2118816
212160
2125430
231453
247853
636832
283600
292766
297155
299046
5955028
5965185
629516
7280557
7490051
817422
929926
12273217
1283010
809875
1452635
1603245
2042125
211077
2119199
212221
2125923
216801
239785
255364
296640
357852
435316
570700
5962376
7299667
7303218
7338791
7592412
839836
903165
962894
9689182
1090595
1158591
1237042
1368773
14487729
1491111
1802582
1999432
210629
2118344
2125874
2125919
217821
219374
236011
242402
264917
280077
281749
313200
358139
472891
504627
515244
540611
5723822
5723829
5842392
624349
720204
7328982
762020
930273
1024836
10433732
1046492
1079145
1115562
1148777
1154071
1156336
1179000
12324726
1247472
1280005
1290925
1299051
1307422
13139837
13736172
13736242
13740764
13740877
13851663
1405061
1419364
1470761
1503596
1620749
1668480
2002806
2074134
2090087
2094112
2120297
2121324
2124138
230667
235364
241037
242998
274172
2773931
280763
290027
293009
304376
309085
309752
323362
405677
529665
546943
5563726
5568236
5677716
575192
579489
5842354
624318
691386
717081
7543496
824912
8305956
851070
866913
8865388
929946
932707
951611
961378
1003552
1012569
10241422
10432807
10490564
1062428
1069003
1076903
1088831
1096912
1099365
1104980
1106518
1109493
1115471
1120155
1126281
1132211
1139288
1149930
1158117
1167148
1191674
1198340
1198872
1200647
1207990
1213150
1225806
1230349
12316324
1231706
12326093
12327036
1239959
12411254
1242029
12427809
1247715
1256152
12588300
1271549
1306919
1317120
1325015
1341727
1347583
13665704
1368815
