13692230
266069
10365868
2164227
10047165
10222365
10255189
1362782
13692226
13702542
2638148
3479030
7345652
7352685
5830696
14824603
2654600
7316462
2118057
1262598
1377108
10434034
2149516
223901
10455754
10479777
1154593
1367009
13942275
1664506
2204941
9080221
7279415
974156
1449893
5955190
1995315
2121739
1057541
13139228
7573876
1055019
207737
1478894
1479072
1533430
10217943
10218337
1052509
10736155
1485253
2191110
7376587
235874
13677475
10263277
10222386
1230970
7288694
7280635
5957186
2049586
5888158
1307229
10240852
1031162
1055879
937400
1069535
11279515
1128053
1131409
1157075
1257548
13759010
13759032
13759309
205846
907397
1396886
428208
431884
10480195
713822
1247792
10048613
10053293
10105141
10214899
10222360
10236909
10236915
10259629
10272371
10272372
10281682
10291863
10291869
10302351
10311540
10311564
10440837
1047741
10479709
10559786
10559875
1058145
10594776
10651994
11114317
1204282
12514863
1332419
13673608
13692937
13692984
13701840
13853084
13952447
14892076
14892088
14918713
14944929
14952996
1573750
2639652
2150654
2204886
2542684
2573757
2614295
2616487
2665340
2677098
2679287
2680959
2710865
2715066
2721058
2724798
2735602
2745889
2786896
2849113
2884355
2885365
3464435
3482695
7294440
7356840
7367942
7382776
7382778
7382780
7392533
7434511
7457883
7457912
7509625
7538952
7547717
8101622
8125702
8339331
8377870
8377874
8528462
8576978
9876017
307842
1056889
210549
7320372
2043337
2116678
498148
1661362
1325190
5895793
2132820
1312310
297430
477563
914149
1058296
5444607
10076586
10218964
10434064
10434230
1185898
12343674
1485283
1135958
1663902
1416695
2078168
232769
292712
298247
1065433
2085493
282561
308464
939672
10222363
10236914
10272386
10283672
10331626
13393867
13983366
1457871
14918709
1550400
1575410
1602971
1661103
7477350
2566359
2618645
2851437
7293934
7397444
7399263
7456045
7478587
7538950
7650791
7877410
7956949
8017707
8173683
8223857
8523475
8889675
1059915
345476
7316460
10707762
10707788
13733357
9379558
10510287
281165
10288248
5069784
2049229
222509
1090653
1167148
11276626
2059627
1248245
2041139
1160112
10386569
10553351
10736434
1114649
11276491
1176092
1217912
606412
13058641
13125148
13759181
2057687
210826
227802
335183
5902819
7281849
7317544
1117407
276766
342423
462728
526083
1145760
8181528
5579491
10221070
10298087
1231107
7385473
7554416
7554417
306301
791352
2047054
223143
10344627
10344632
2619919
2642061
2782365
2886182
7372024
9680756
2072966
2081503
9372045
1241435
212305
236780
10084717
1021498
10217916
10220918
10263280
10263283
10285185
10291856
10297809
10297812
10323269
1032430
10365871
1041216
10440311
10484023
2703569
1052530
10538914
10558515
10559876
10707740
10736140
10736144
1083306
11288836
1168540
1172919
1185022
1282200
1205691
1205709
1217625
12337936
12338232
1269206
1272397
13004975
1301455
1301850
1313970
13733343
13964461
13980014
14824397
14824578
14841448
14858650
14952935
14952977
14971069
1497718
1508955
1596394
1803947
1992842
2003008
2143735
2148017
2164251
2191067
2191079
2191097
2191102
2203321
2628217
2682473
2767302
2861903
2941737
388392
428726
7386605
7388908
7392522
7407388
7425056
7541317
7548932
7550352
7651493
7926513
7926514
7926549
7932844
8009548
8024750
8303057
8853795
843109
1270267
1404791
245685
211174
626338
1064012
2064778
291172
1255022
13743450
270749
584771
302268
1428126
1494103
10995527
2116706
287008
955407
1475177
2058121
1993571
272480
465179
650924
1603801
1629497
204595
224173
934933
1615942
832082
1548123
2064530
696974
1127997
12285396
1629965
2049235
511781
10070395
1030250
1094132
1159306
1720638
2123396
426700
5897725
7446861
1054126
268896
7477716
811649
9069835
955430
1120780
1491800
2087706
799703
10240859
1030064
10553335
1064259
1065791
1097994
1100027
1105284
1123416
1134627
1168865
1171959
1217790
1353418
1396925
1545125
1967680
2002369
2076219
2081613
241645
663325
7317858
948519
1116315
1681957
267004
270227
287187
450005
488790
679584
7274565
7294126
730414
768017
10224600
1709565
2177759
5684974
7348783
10053311
10060454
10062789
10214509
10220853
10221036
10289199
10291867
10559899
10564110
1153479
1155437
1178616
2204893
1209418
1241881
1244228
1311170
1324037
13701567
1370415
13733349
13805640
13979797
1464858
1464894
14891462
14892003
14970357
1497759
1592853
1613631
1618026
2150672
2573669
2665346
2684752
2684825
2690410
2725999
2810015
2836511
2848966
2849291
2849302
2881762
2885550
2947891
556428
7381612
7385501
7395907
7398080
7433152
7452933
7493979
7513679
7514138
7651522
7856700
7917869
8001217
8058194
8119812
8181313
8213961
8318111
8728376
393278
414187
844678
839836
2127076
1149930
475433
1410617
432455
906290
5453546
592268
7997473
219478
7317701
7383130
1254349
457004
991301
1442515
463390
815946
7288779
1051979
1609520
1155630
457626
7300451
7477743
10026904
10043827
10043838
10043851
10050581
10050737
10051679
10054150
10057822
10058837
10064149
10071620
10073035
10073435
10084810
10084883
10092232
10094347
10103582
10103655
10105714
10106024
10110132
1012573
10174839
10174849
1020036
1021302
10213792
10214151
10214273
10214274
10214508
10215974
10218782
10220791
10220840
10221025
10222389
10222392
10223218
10223400
10224640
10224655
10224713
10225205
10225349
10225466
10225484
10225486
10225530
10226518
10226550
10226582
10226766
10226836
10227714
10233868
10233869
10236316
10236507
10236549
10236555
10236672
10236913
10237112
10237116
10237124
10237126
10237455
10237456
10240949
10241247
10241248
10241251
10241252
10241255
10241256
10251071
10251077
10255197
10257389
10257844
10257908
10257922
1025886
10259438
10259789
10259907
10260029
10260030
10260039
1026235
10262732
10263287
10263309
10265503
10267591
10267817
10267821
10272220
10272230
10272352
10272361
10272373
10272378
10272381
10272382
10272385
10272443
10277320
10277321
10281858
10282090
10290129
10291853
10291858
10291860
10291865
10291866
10291871
10291872
10293392
10297788
10297791
10297792
10297795
10297797
10297806
10297807
10297810
10297813
10297814
10297817
10297818
10297905
10302236
10302240
10302242
10302244
10302246
10302248
10305456
1030879
1030946
10314147
10315287
10315776
10315813
10322452
10322484
10322510
10323273
10323278
10323282
10325064
10325066
10331625
10331628
10331631
10331632
10331635
10336880
10336931
10336936
10344770
10348292
10348302
10348954
10359268
10418204
10418210
10418215
10418223
10418226
10418286
10418289
10418346
10418514
10418528
10418642
10421050
10421056
10421129
10421133
10421134
10440256
10440442
10440797
10440846
10470709
10470716
10474289
10480174
10480181
10480192
10480204
10484540
10485616
1050129
1050197
1050215
1051957
1177013
1052782
10528830
10535540
10539377
10539409
10558241
10558266
10558267
10559469
10559471
10559473
10559475
10559481
10559834
10559885
10559893
10559905
10559909
10559924
10561375
10561564
10561782
10561785
10561798
10561912
10562309
10605686
1062733
10651986
10651997
10652205
10652681
10707731
10707741
10707757
10707761
10707765
10707769
10709798
10736184
10736186
10736603
10736948
10737081
10737107
10737127
1074276
1075466
1082988
1084825
1085372
11057460
11116898
1114088
1119575
1120335
1124654
11275706
11276571
11276824
11277113
11277120
11277307
11279883
11280670
11280799
11282027
11282158
11282711
11283270
11286269
11289176
11300837
11302493
1135334
1139550
1145666
1146217
1151044
1151595
1151692
1155712
1155834
1165052
1167502
1167611
1168138
1169746
1176152
1177035
1177261
1184301
1192276
1192424
1192533
1192660
1194184
1196561
1201020
1202958
1203907
1204358
1207066
1210551
1210569
1211435
1213951
1213967
1226226
12271198
1227487
12309286
12309418
12322279
1233645
12337911
12337920
1234818
1235010
1235631
1237345
1237722
12412899
1242416
12433072
12486184
12497605
12512406
12514862
1251976
12639499
1269201
1269767
1271669
1279356
1281071
1284812
12852231
13000334
13002357
13129161
1322063
1332344
1332457
1332474
1333906
1336104
13394201
1340281
1347007
1349113
13673606
1368641
13689239
13692641
13692934
13693081
13693209
13693419
13701510
13701758
13701791
13702165
13702322
13702543
13704110
13714516
13733351
13733356
13733365
13733373
13733379
13733388
13764380
1376827
13844216
13853078
13866388
13878816
13891877
13891900
13896546
13896623
13926853
13964459
13975375
13981583
13983382
14000798
14001623
1467859
1468047
1470596
1471688
1475290
1479623
14820033
14824438
14824644
14824668
14858654
14861160
14874661
