1119236
7303681
359751
903775
264639
2066774
14940078
13801146
7316462
7316465
332601
338615
1377108
2070237
1000860
266069
10509856
276544
1329512
8595804
271352
237223
10509918
13124755
595456
10510091
13556491
7319871
10287936
9129668
12380958
2498024
13139228
13677475
12285199
2066794
279139
1300695
5837534
13743570
223539
1335210
1417132
5683921
526046
7472372
1069907
1457443
2084651
10366368
10546881
13677494
245231
2494977
7472329
10288276
12284767
7288694
12273606
2044731
359173
2047056
308464
5412885
297349
1392919
1582557
2089247
237376
309114
2498009
7471894
7589352
250280
245084
2494979
2085700
7471916
288245
5974528
961320
13066503
526261
5608958
207652
5844657
1491111
526083
10546883
222820
1140097
11276181
313120
5441688
11269835
11271039
2498005
2494433
304367
1723247
2046843
2073572
2342865
242679
2494585
269184
5839063
614056
2132820
1079264
218087
732671
768939
8867095
228081
7945296
2494624
2494983
400870
7678710
6187809
14877519
13588345
13744909
13871677
398565
1068568
2494971
846349
224800
5838518
10309755
2494611
972128
1300629
2496519
2058107
5413469
283246
13743528
526109
5829487
967960
10355092
2058121
260666
7353653
893770
5949761
253261
12596082
1651603
7317572
10510308
13744903
13736188
272554
288096
10420204
2497981
2498015
379526
2083473
2045086
365531
10287382
10420213
10550391
1159306
1215091
1970055
218941
5740108
5837171
5838997
1101088
1155749
1714448
2498001
5414325
692264
7350486
8305956
3028857
775331
230407
5837340
7303841
8596155
10404980
5960591
1426904
1601896
264577
298005
299465
398705
5832271
13588364
13801224
10431831
1620520
1670104
1986933
2494742
5963227
1160861
13065507
1395255
1006429
640894
238144
239733
256691
260685
10526004
2044861
11059763
2180040
262139
266074
893349
2066772
238390
257769
399393
420645
509607
641045
7288851
5414341
1056351
1081603
2494331
2494403
497850
5043287
5954345
715237
7477743
11279817
2064780
2496325
256862
609839
1009116
1251968
1256468
13764897
1509350
2082723
272252
3564307
1300458
259013
479094
5845126
7323359
2046633
1338470
220540
250146
395459
399170
7324526
746209
395345
13902500
1609520
2498084
298831
5723809
675416
796751
819733
9681367
553083
10521682
13139775
206406
278416
555129
7303847
233849
239199
271496
5414355
10289163
10361059
1196404
1274092
12947446
217765
294758
305381
382109
5829466
5910858
619013
7144261
11053888
11272395
11274800
11279595
12247750
1312299
1997599
218177
220457
2494760
263375
280405
301827
302960
4759723
590548
7133662
7135210
7588782
358005
1018392
10491308
10555730
1110259
12279257
1254390
1282946
13068630
1307391
13665704
13744493
13766539
1387508
13944650
1398153
1405061
1478875
1558987
1593648
1735996
1992152
2005711
2046413
2058111
221990
226835
228253
235758
236989
2494603
258573
263382
290501
305461
363913
450695
465975
476651
487913
512052
5413491
5833010
5833138
5835279
5954437
649705
675442
701678
7313260
7320387
7887792
8516159
8677195
8866315
910143
942081
9632999
801232
13794093
310486
701756
1970062
210542
259800
7678684
489574
1146170
262393
5953971
10394986
1116111
1503596
1622871
2494449
2494464
477098
643308
1004190
1017387
1020306
10212128
10466961
663657
1116886
1147242
1169045
453736
1987064
205674
2080504
2084124
221472
239816
283600
305057
3451347
384620
406042
5964044
528926
5830030
7275264
778659
933002
690529
482961
360174
5966282
1560705
790925
215983
357654
675550
9070109
969152
13743523
9129759
244238
266232
280077
3451553
357528
5414351
605499
2494554
761583
2113209
305737
743599
1254764
2066790
275043
5582138
7277182
258993
2755190
809073
1216581
640055
2046758
2100868
284588
468722
908154
2046792
244010
246123
252637
266353
470614
642223
7298478
951611
1051532
10565554
1086624
11059746
1188127
11894890
1230526
1268181
1284045
1297266
1380232
1398757
1432324
1461722
1479795
1520032
1583608
1716795
1724214
1735243
1973070
205139
207429
2091618
238185
240471
245198
245505
247459
2494598
2572415
260812
2684959
274637
278513
279701
282736
285197
287895
290766
294638
296705
303852
305963
3450617
3461580
369585
406482
408114
461385
482510
5412456
547633
562841
5838493
5950328
661964
665482
7132937
7144951
7279414
7288717
7334434
7338787
743819
784461
836567
8682593
8685441
914212
920809
961378
10415848
1295984
205037
593260
2054863
263392
5582187
1049951
7317535
1069224
2066784
1111129
1122047
1171864
19585897
12641035
1371452
1375369
13759032
1411881
1432716
1506996
1661776
2044363
2057708
207875
2084184
2089252
2090016
2097517
213508
235693
236780
239132
254742
290543
301249
365138
5907818
7317224
7339011
7340868
1412135
233313
299535
472641
6440697
7330340
10415870
1982842
274218
6169631
647518
8925868
1114291
1221250
1462579
1520081
246560
288360
315568
339002
363992
619308
645891
7349524
769441
916710
302816
13583940
14952912
679584
2128843
11275325
9630330
1259696
2045084
518368
2056020
1331259
2056189
766232
9630832
1386748
1985242
5850289
801773
642512
232638
936272
2055596
5962725
931685
5962310
1070660
13363105
1440916
1478265
555370
8849398
297430
7324524
1244801
1705760
1985239
1985254
2120285
906290
1133807
1104683
1163135
1549581
1774805
2078690
2121642
299420
507308
7276950
7472411
8127757
1505896
247550
405393
10354903
1051979
2064062
2073766
2494470
291078
313566
380390
529457
570910
9630382
11054529
1230970
238746
4759782
5070121
521817
8914964
1967794
1284607
13981043
14284166
1614925
2086651
228569
2940823
306194
509274
8677565
993935
1135524
1648631
2113220
287314
221693
225933
2496397
250392
5563132
5563777
5684710
5838335
8753150
886135
1076388
1264910
1341133
1348793
1391008
1449007
2141629
428815
527291
566644
615278
7275984
7348626
7543505
838028
930881
938969
983998
10494665
12358620
13668166
1011391
1040050
10736295
12249044
1339090
1432801
2063967
207372
280481
5070364
7317367
8323766
9072849
1094132
1120077
1207990
1320820
1601188
254770
259396
5737001
790622
3490076
13665127
1615942
216852
227316
255364
256163
338432
347326
504627
5827209
910007
2044750
7279834
1247002
1028646
1117305
1299309
1393347
1394509
1651464
204352
211167
231112
2496526
476362
5563059
570752
601203
7303873
837164
894586
9079896
9630301
633742
778562
1059413
1284442
13742009
1466151
2078680
2116692
236242
248047
2494483
406647
511703
7144754
7273144
7316323
905159
1088685
1125246
1170025
1265328
1317206
1552981
2045096
2106302
270749
312995
429761
4770651
5441445
601225
668371
730219
10430047
10545598
1111242
1231621
1627381
1723184
2075697
211968
2122654
239674
239785
256557
273442
280146
294556
295917
296750
297470
306657
307205
309868
431399
482045
509448
5723863
702269
9080130
931923
10550792
1127502
12408112
1298669
14610698
1466778
14693518
1723222
1735936
246719
282982
302301
306351
5845177
8510128
9129669
1024021
1158615
1246286
1335649
1358897
13964009
14447811
1525219
2044228
2048336
2076911
2121572
231127
2494622
2498013
2498017
261465
261854
278885
282032
310004
328532
329155
402318
5723812
5832287
7272162
7279929
7554173
790515
924437
959538
1018568
10242064
10512701
1057746
1154909
1169040
1183201
1244558
1250754
13740877
13750981
1387299
1435583
14650157
14704110
14805783
1615063
2049235
2064018
2103697
2119277
2120297
2121570
2133501
215993
217008
220561
225435
227003
243801
294003
296188
302264
362664
374604
385375
386051
399627
5408362
5447031
5452923
548708
5583949
5608699
563000
570602
582004
5836199
5966014
7277183
7311276
7477716
778350
790575
8297300
866913
943122
9502441
951022
1005149
1005796
1029503
10324927
10413343
10420350
1044152
10467537
10495828
1050391
10510336
10550789
1067875
1078566
1086264
1104105
1115562
1122914
1161477
1214527
12283960
1264062
1282055
1292379
1317260
1321966
1323245
1333584
13583932
13619728
1363889
1370604
13744056
13871644
1393538
13944572
1405742
14141410
14387515
1439410
1439994
14474206
14740436
