2071028
7277793
769377
598219
23150239
2066774
649608
440660
1392586
7477716
245423
31073692
1102942
1271193
252832
889494
1331259
937400
308831
5608958
2494977
3471848
4770958
1090653
2093824
215265
254515
804428
7282467
1019119
1079594
1090700
1108018
1128053
1137385
1156958
1191265
2085820
219957
242926
438598
4770714
711594
7325695
890663
946215
283315
219294
2494983
13065396
2494624
7279693
955430
2060476
1255022
2058107
313120
233257
323025
458998
802237
957312
811649
972644
1074669
1183139
1217912
1339272
13731606
13764890
1402389
1536003
1786595
1989512
2078678
2085482
2092598
216112
217919
234463
2456900
248485
264639
265046
290777
309610
309769
323370
324678
334014
334180
448152
467875
474030
602998
605716
727359
7280093
7307292
7350102
790142
838170
880983
906731
894573
955407
926776
1268271
10509014
13902676
609839
920557
1824107
1032177
889343
339104
595456
13859501
1166063
10510312
1000860
1013380
271496
497850
5830696
2494603
260685
278416
5070121
253628
1171155
240761
2342863
1344903
1519980
296240
1392875
804856
1078635
1663902
882692
1039592
306708
1051547
238563
305552
8883243
1829529
10394986
8290464
1329512
3456413
954320
7316459
1005419
1010193
10510290
1056774
10736449
1177268
1217790
12413184
1329239
1455861
1973068
1986917
1987145
2070906
2089243
2093822
209442
213375
2208938
2213002
224390
233822
241645
2488081
2494372
251612
253811
256390
259906
2654600
266076
272110
272636
286526
290207
291728
308267
310659
323362
438792
457202
2129750
5684957
5738973
609978
2087706
626858
674744
696642
7140555
715872
7282466
7282469
7325111
774012
803271
804839
854753
859059
882106
935923
955915
957348
975644
244449
1377108
252317
476651
252352
2065932
414915
821200
461385
5579491
12285199
13139680
10510091
1970062
1307311
280685
8595804
12540505
1729128
225912
502331
676713
971670
1449893
1478894
13905016
14941552
526046
1169888
7279415
847609
332405
1490537
13766598
10287936
1230970
10510326
2498024
7319871
452153
13139228
730117
345790
842270
2078139
13743570
809073
223539
958316
229630
1279783
1279939
1973070
1279864
1280005
222873
786045
906512
1126799
209337
470614
766822
1007404
1026899
1037709
1038997
1041625
1055165
10557829
1069691
1074069
11053888
11053895
1116535
1163065
1200996
1205331
1218575
12229284
12230394
1324975
1356850
1373041
1374311
13764903
13844526
13844540
1486203
1512325
1587683
1596379
1596402
1596459
1663847
1681957
1739000
1775509
1973059
1973061
1987009
2017615
2042991
204472
2059855
2063314
2064414
2064416
2064417
2064419
2064421
2064443
2071022
2071777
2078151
2078153
2078284
2078292
208040
2088384
2092591
2092610
2092617
2093811
2093828
209538
212326
214577
2148002
215091
2182549
219750
219826
220168
224639
226751
229343
233323
237654
237950
239733
242429
280777
2456897
2456898
2456901
2456903
247539
249239
2494609
256171
2564944
262921
263375
263727
266102
270380
271053
272607
275078
276100
279004
279815
279943
280543
283743
286210
286884
287651
287834
289825
300145
302070
304470
304888
308575
308877
310840
312707
314476
331525
334192
341369
3478365
360662
360695
364902
370161
376283
383200
392192
405677
421539
421601
421827
425121
434908
448491
7311224
461557
462378
468003
474312
475247
475289
490468
514856
517114
5414022
5722454
5738986
580295
5830513
5842866
5845800
595596
614374
614463
614715
615784
621003
641681
676520
681095
688913
708899
711042
7276493
7276495
7277052
7282463
7282468
7282470
7303849
7308625
7348702
7474983
7475145
7478534
751126
760829
762512
769656
772916
7888666
7888672
7902839
799623
8036129
814854
8242466
825203
825966
8523344
8572206
8692986
8853795
903754
920237
924794
9502441
962710
1970057
10510069
12273726
1160416
405895
5443214
957205
10490382
7280635
217713
2066794
306387
407648
14739228
5552746
2085700
10508655
264374
1075182
13756920
2126082
257820
7280177
1103868
13740833
1604556
1103641
2132820
10510180
1059915
205796
2085697
4709300
285575
10510321
1392708
2057257
311580
498148
5440931
13677517
2043337
330840
10288276
1416695
598177
342423
12284767
5070467
250280
451015
10510287
234165
221917
345296
12284628
245231
292712
345476
5838751
961320
4770769
5412885
2047056
13066503
13758614
2064029
2494979
1362526
7316460
1559023
216852
398565
7471942
10316235
1034313
1035770
10558236
1082944
11053907
11053915
11060194
11281651
11286630
1145221
1176749
1194826
1212780
12229674
12230575
1226003
12324354
1279749
1279834
1279911
1318939
1326110
1357006
1357197
1357358
1363993
1393827
1477591
1973064
2044199
2059856
2059858
2059863
2059865
2077696
2078133
207847
2086253
2092585
2092612
2092614
2093809
2095188
2119925
220859
224310
228973
229871
230468
231293
235871
236596
237007
237808
240095
240279
241090
241736
2456893
2456902
247884
2490262
2495026
2550515
2570637
259135
261327
2665448
2665462
271169
275014
276768
280597
280979
286787
287770
289127
290766
292006
292262
292614
293463
293819
294041
295185
300514
301738
303060
304081
309762
312200
317984
327651
331327
3451239
3464732
3473733
3489416
353809
402869
403472
405691
405762
405868
410261
421515
433275
466017
480857
480919
486764
503169
503667
540394
5579498
5722452
5722460
5740503
581403
5830511
5830647
592834
595380
611924
614417
614549
614581
614682
621650
621933
660125
667197
669046
672411
684439
717154
7276387
7276389
7276399
7276497
7276499
7276503
7276504
7277332
7277337
7277339
7277411
7277415
7297783
7297792
7297795
7301177
7301179
7301850
7302918
7315216
7320222
741951
7475068
7515480
7523359
7523360
7523361
771020
772775
773098
7864967
787985
7900685
799429
8019323
8027782
8038873
8043841
8052457
819622
827054
8316180
8341319
8342180
8428475
8521593
865577
865782
8785643
888706
889294
9130422
919219
919483
937197
938358
946294
946985
953828
959434
977107
13766547
2498009
1056889
538983
2496526
9412866
1661362
2113234
227613
2496530
810146
12316338
2049229
242275
10546883
338386
1017563
1025072
1068568
1084628
1218626
1243904
1355787
1445206
2078065
2103036
212170
2121740
2126084
2133516
267690
384887
5444072
5561806
7280185
7472812
414810
8867095
13139079
972330
1300695
1387272
526109
2047054
407063
832376
1241435
282813
330807
234107
212325
2132433
5414329
334249
2058109
2496519
2494433
291172
1060250
2064778
223919
5441688
5829487
1028646
1122107
237432
843260
262393
924437
2494611
5838518
243319
12285396
1475177
2058121
5829466
1064012
252298
3938581
5413463
5740108
934933
1127997
13766563
476362
5829475
1207095
1603801
2081503
2498015
626338
10354903
1404791
1009777
1159306
283246
5838997
7276963
10526001
229986
883595
13618814
238208
276762
457626
565567
2044861
1539056
1566826
7288936
206366
228993
1031485
1086599
1117511
1161420
1212942
1257326
1335407
13608658
1526598
1777379
2054460
219187
225122
236241
247853
255364
263874
5909709
5963157
7281732
7288562
7336988
1471865
298110
7288930
1056704
638142
11896178
1341047
259013
479072
209740
219478
276191
213372
220298
253773
332437
332717
398659
294736
1297250
243356
292638
307790
312346
405774
769003
1155634
1081603
1412460
1601896
211940
415235
692264
1011573
1490257
2498001
306808
5835850
628378
7304978
888941
9129664
365171
5440929
701701
1103949
243999
529389
1716795
13902500
223402
331477
365531
407598
1207639
256147
457004
13138984
2496325
287380
289366
450356
7590595
815946
1307497
13140016
1648635
205967
2123240
555129
7144261
1133253
1561243
238716
256127
469828
5723809
5740486
7317572
9129667
1539743
209791
219167
249963
382109
540018
579737
1274092
217765
231283
235571
258500
262139
451064
4759782
5827209
5835093
874769
1062723
1208937
12285329
1281720
1329298
206406
2070024
2494403
3028857
529457
630071
7364538
845552
275043
1274044
13740840
1498568
