769377
223404
1392875
210549
598219
1054496
10309755
498148
774012
7316462
1337314
354330
2066774
1299094
34168304
1686649
526046
1377108
31073692
2070928
8595804
816738
233257
215265
13894353
280685
1128053
760829
1001402
2049586
205796
274606
560832
5954909
1058469
7317587
438598
996738
296240
1069535
332405
245423
7280177
13139680
2132820
1039139
582858
1056814
407648
903754
206592
718133
229630
2494973
2047082
615750
236497
7279415
235517
939672
2129090
10206656
209442
1025072
623090
7277825
1058296
2070791
1059654
491063
606412
14959061
2066794
677977
216112
1416695
7288694
306233
10546881
1220183
711594
2102679
13677475
309769
1472890
621851
1341441
1425604
1055458
13744504
2046738
265543
251612
1082422
7275586
272505
1048457
14919199
13902484
1555738
248485
474030
7328681
539726
318501
804428
669821
11276181
311590
590470
13758435
13759010
1663902
7472411
2062521
537383
11059746
545124
502363
1251163
553344
296767
1121614
621650
1615853
1010839
2082185
606117
230774
448152
1031729
7275625
353040
924794
920237
398705
1127602
2059925
1068568
1084628
1160416
1066728
7589352
7140555
1076009
338615
13140016
344452
1342516
810146
10525842
8596155
1126611
12284767
1311128
7279693
815915
2078678
1036671
237432
6187809
1169045
242343
13764890
266102
906731
13726860
5974528
1078783
283246
1335210
1361801
271093
12690256
13766547
250078
5413469
1347383
10525856
1681957
1565018
5440931
209225
228694
951611
7276847
1330821
606276
7323015
11277012
13806744
1329665
344359
288096
2058109
2067467
2494983
560556
6178157
1523988
1466881
1079264
1085111
1079492
255551
1113116
308482
210626
1210066
2071028
1792055
254742
230867
305331
12338269
218452
1180338
1220011
1581520
800623
1004274
793520
2113203
12340754
670759
7273705
1524083
2054231
262524
1714448
245790
7881151
754587
1699085
2456903
7986155
2065876
31251568
1155634
1311695
243999
638142
1774805
972128
255319
235908
256738
938925
277587
1014798
270947
5914113
1162949
231283
275370
297454
1020306
243142
849176
7317572
961792
1218626
1428632
262565
273509
238746
613050
2046674
345625
247539
1439418
2103683
591326
2118336
799584
773098
13860113
7323409
224924
3938581
250108
205967
479094
435493
10394986
5948733
7477743
303338
262139
541127
11059763
1775509
10480195
2110217
2044160
1351847
8352680
7590595
249145
591078
280405
359751
2055596
5414357
1729128
328532
1439392
642512
246697
1094915
1736458
7317692
2111494
1505896
287254
7276972
1208819
236596
1029101
1012378
1158615
2191069
236144
7340868
672411
365709
4770663
248283
7144754
229714
410261
7349057
846409
446239
7279834
2494622
1563529
960997
2071220
700872
6440697
222813
1463621
222708
7145740
1630768
7336852
406831
269345
10415848
677969
2494869
12358225
7273868
6178113
2055993
1429703
255211
434829
2090087
2044731
478088
1286524
636201
945709
399393
972036
1208063
1197967
657431
2066784
233154
2091743
3564307
413157
5980948
399213
2086287
829579
14881249
9129664
1230526
12283960
616250
5975969
7277793
625973
10415870
246123
2063309
457626
7324244
2060476
7279414
455259
247587
1010935
284725
2079438
9129672
7330056
220641
301831
1109755
7279416
13736234
1458182
7277183
9129669
257785
1166850
708775
773012
1552859
5948002
913826
305737
278885
1062900
2076141
1425487
2066802
515086
453919
7275635
295705
1207601
9129674
2076907
815171
961378
1091333
560431
883326
811646
1286943
825331
934929
227700
209146
1124396
421883
1421949
583868
267337
5842357
13766609
327072
277730
497183
1279723
299307
1740973
810569
2066039
7316792
901611
894586
399522
238246
731523
273627
8127764
1441496
7311272
980735
778797
399711
8869292
8524520
8524528
7656221
8524533
9893445
13065373
212996
285075
291890
1057968
1108018
2103686
623748
957348
12272158
229703
283743
323025
440660
2085700
253833
271352
306194
307842
7280623
10324502
1191265
13740833
1377176
260166
1100651
1106872
230234
273993
7926593
1248696
275533
281165
285827
623597
2084651
2132046
252352
325066
339104
4770958
1000860
1169888
276544
286087
7356091
1267673
13744044
2273793
13124755
1359699
218394
302784
305927
1036548
11059751
13024508
2498009
476441
605716
10510312
1114813
229114
297470
334180
10287936
14906363
645970
730117
1005419
1989512
2072274
1010960
10542288
1157586
650924
1490537
219294
313548
920557
1166814
13138984
2114979
213375
1392708
2047051
2496522
3451498
976343
2494989
219913
626338
233111
299256
957312
2131180
2496530
275078
7282467
5829481
844833
13065396
2070237
696642
7316459
12279596
209692
2124140
686764
13871677
2118333
230172
3466305
5451608
11062443
386615
845106
288245
414187
7341783
1388467
7139055
334249
7353284
14878995
968925
997048
237579
5836399
937650
948519
207652
225624
308877
9069835
244723
285575
949285
1021290
256502
267067
846760
12415077
1786595
783006
267876
367121
421531
7316461
13744842
237322
256126
1455861
1610812
943125
12273606
13065507
2091017
211571
11824873
12638688
291078
300382
304485
846349
221917
224075
804856
10546891
1422167
1970062
411295
12408137
243167
613407
365673
13914570
283773
323362
843260
854305
1192589
2062548
2132433
234165
962158
1272493
1273744
266630
7303841
1011542
2496526
5414325
5414339
598161
1010059
1204879
2127380
3456413
696974
756699
2056020
281452
287380
288436
560354
5568639
560415
354877
433275
207804
219209
242143
5842538
13840220
2003070
5684974
2056189
217118
578831
732671
13801207
3458951
376283
875603
14851843
310068
641045
919483
1395255
207429
307150
395294
286526
476362
701701
1251968
290766
395459
617961
1025935
213411
353375
8867095
12378356
1305686
1519980
2070024
2665462
1002546
1230994
1694944
1987145
243059
13385883
226452
304367
809073
962710
211024
225435
256390
413512
778420
1429293
14740278
2107344
462378
1101088
234387
255122
334313
237223
379099
421683
1099111
266074
264577
5453547
10270415
1822911
2129010
2114368
230358
7367647
1077385
13742009
1578352
2898194
311479
7279542
1596459
216861
475455
271496
542925
7305445
1256468
13767407
1824107
237677
256147
1163065
1999311
297349
383165
7345429
12643075
2116678
450356
750981
1268271
1335452
5070364
5447200
627500
1561243
236002
514856
5959570
1320820
2044861
261379
404129
7534822
1266781
13677532
219577
376252
7282463
13764883
1395160
232707
998951
376205
5835366
940822
262593
296453
314277
7299640
934035
258338
260261
286761
294758
961515
1010193
221330
518143
7339978
232144
609839
683885
825858
1426904
1987625
249963
7295816
767507
1090611
11053888
256127
457545
236989
357528
451015
7278869
284975
969227
1069907
1471458
289366
565661
10309616
212325
2775811
7282469
1164594
13914002
2071777
312621
598330
14913611
258574
297155
304619
634831
1341404
8035163
10212128
1682473
2343783
363992
7281880
239238
477098
1251953
303284
425121
8040603
842270
2044199
227195
248892
411003
1029520
229389
289135
800538
12324330
2046963
2109721
2127776
238398
980580
1155749
2084124
309886
204863
405774
7278103
10467225
298991
281037
353161
7163695
990568
1279443
2005091
2127747
380390
252184
5070121
894309
1271834
209538
251951
641803
226789
567187
7278106
7523563
1013380
12316282
1588912
443439
472373
7281141
216349
7275664
957840
1374311
2073766
5545476
691604
238208
3451237
461385
654400
240789
5829466
6169798
641548
7523567
268228
305948
10367623
1601896
580231
847609
2103697
2127794
987580
222337
266299
293365
376310
5562183
970832
10297809
1071857
216231
217229
261155
262622
287098
1404672
263206
305461
4759723
517138
219286
289672
3456407
10361059
1169040
276191
300781
1168479
1373041
452153
5842866
931486
13744023
211167
298102
2006038
274973
605975
1983116
2075853
438463
1141708
1333036
1614925
1365361
2114263
619013
2495026
266379
2114698
1152539
1405368
1543319
765010
