7377866
3461997
1313970
7377920
1313944
2674740
343264
441371
554837
8037812
9283904
1314067
2636255
10302749
1161316
12647468
13919167
2187000
7441311
1452013
10263824
1313988
1314161
2662448
2674709
343083
757192
8037864
8221947
843122
2730729
13817848
1764925
7377854
10253883
10253884
10336931
10420096
10420152
1051957
10559888
10709322
1176622
1200525
12269317
12647463
12647479
1338182
13733388
13947764
1452032
1452071
1452117
1478128
2214264
2542623
2545464
2572462
2638789
2697946
2709318
2730715
2730733
2816536
2843024
3455666
518471
576525
692970
692990
693011
693058
7293690
7293905
7293915
7382533
7396626
7415758
7447270
7478090
7501816
7514378
7546506
7546730
7870727
7900582
7900585
7900590
7900591
7923115
7931728
7997487
8037863
8096919
8169110
8187992
8188009
8188177
8188183
8325430
8533621
8550240
8741986
8755521
1314175
3461992
7501811
2773967
3480463
8345710
10420150
1485283
8459803
1720687
3484744
7401549
7451002
8236299
8278058
10260348
10455754
10736679
1314014
5681514
692907
8288837
5501033
12309088
10429822
10484038
10559876
1167167
1171984
1213253
1235129
13004975
13006445
1486195
8284398
428726
525747
7277174
7405440
7435903
7478530
7652969
7964651
7997297
8966865
343175
3461995
7459398
7896939
1492887
8577367
1157876
10053260
10215852
10218649
10420078
10420140
10420173
10420251
10709345
10709347
1106112
1153479
1176646
12269322
12497605
12497842
1265424
12807984
12877648
13011314
13035018
1379028
1452096
1452133
1452158
1452181
1452210
1452246
1485719
1560443
1592984
2159263
2184278
2186993
2186994
2186996
2186997
2186999
2270398
2270401
2270403
2270404
2270407
2270415
2270417
2270419
2541166
2550379
2551011
2551143
2566373
2572140
2572269
2577100
2577152
2577173
2578535
2584569
2584586
2584594
2584606
2590023
2599614
2636643
2653051
2653053
2669511
2690799
2695957
2721866
2725478
2725510
2725515
2725545
2725591
2730704
2730725
2730850
2735179
2738084
2753156
2756839
2783298
2783614
2784091
2785527
2789399
2805706
2813513
2820349
2825070
2832274
2839602
2853614
2853949
2862467
2862511
2890954
2895704
2903568
2904908
2916467
2936263
2944780
2962411
2962969
2970851
317200
344493
3463273
3463275
3463276
3463277
3463278
3463279
3463281
3470853
3472760
475605
475655
475787
5502345
552446
5542148
554702
565208
580764
580782
585702
6338234
671249
691776
692833
692878
693020
713625
713635
713668
713689
713696
713717
7292183
7292198
7377798
7387059
7388751
7388753
7388754
7388756
7388758
7401935
7426869
7436639
7438940
7453307
7496554
7497070
7497669
7501821
7501823
7514156
7870720
7870731
7870733
7873280
7877488
7877499
7900533
7900540
7900583
7900588
7900592
7912102
7923114
7923116
7931733
7935629
796096
796156
7997489
8039904
8045775
8057789
8057790
8057791
8057792
8057797
8057834
8057837
8057838
8057841
8057842
8057843
8057845
8121130
8121144
8138120
8169170
8176388
8188007
8188021
8188157
8191704
8234338
8259495
8261777
8269386
8398646
8526940
8732999
8734355
8734380
8737974
8743699
8743725
8745476
8748305
8749347
8749368
8750414
8756612
8756613
8756614
8756617
8756618
8756620
8756665
8756666
8756668
8756669
8756671
8766418
8797715
8822528
883529
9666759
995596
11283818
13618384
13618386
13618390
13618394
13618396
13618400
1615233
2171592
2842988
344298
3461993
3461994
378607
7454749
7866148
7896940
7896951
7935632
7935636
8221954
8288842
8288849
9658367
10420089
10213004
10221823
10241247
10244123
10260158
10260353
10280376
10283974
10297905
10323282
10420082
10420092
10420169
10420178
10420271
10442257
10457499
10470710
10558267
10561912
1058145
10603687
10707769
10737149
1077262
11282245
11282972
1181651
12338774
12647473
12647482
1265495
13004973
13018328
1311170
1316710
1321587
13394201
1346443
13734245
13871842
13919645
1425999
1426033
1462721
1492993
1592853
1609422
1725348
1742088
2845754
2166452
2166458
2196672
2539809
2539818
2540001
2541172
2544124
2545008
2545010
2545035
2583924
2622610
2638807
2639079
2677098
2790566
2801558
2841603
2859105
2904912
2916552
2916808
2957509
2962497
3464435
3468915
3475728
3491139
412184
414843
436524
5479369
612853
7293907
7293910
7293916
7294573
7378852
7396612
7396621
7396623
7396624
7399924
7401586
7403537
7403542
7403552
7403555
7417947
7448064
7491034
7506091
7539064
7564951
7571392
7571393
7571411
7652417
7794580
7797493
7814915
7856363
7856443
7877410
7900612
7902653
7902655
7905041
791576
7923125
7923127
7929024
7931740
7997287
7997480
7997485
8037865
8039711
8082291
8118740
8169158
8176473
8194121
8202004
8210306
8238688
8263663
8264418
8264996
8271057
8271245
8308031
8310780
8342946
8370172
8453751
8453768
8536636
8552415
8566147
8577361
8577365
8577366
8696315
8743011
8743314
8743316
8749340
8771253
8808663
9220393
9220397
9220407
9220408
9728246
7377881
2638758
1255268
1366681
1452271
2622566
2669931
2704455
2711427
2843227
2843270
2851271
2906595
2946058
3461990
692814
7404607
7416343
7432141
7449547
7451812
7501769
759909
7900532
8008909
8057835
8057836
8057840
8060075
8188184
8200499
8201996
8708099
8765473
9079893
9284094
9659466
9675360
441451
2962987
10561282
12309095
2808312
2969922
7670753
13734224
465727
8195092
8310857
8581866
1163916
2666833
7169793
7170099
13817615
2171594
2635842
2665281
554861
7896949
8201050
8221963
10420110
12338286
1313626
10218645
1160258
1225878
1229788
1485653
1485752
1485803
1485838
1744152
1744175
2171549
7166023
7166688
7167370
7169980
7170249
7170412
7170583
7170797
7506109
7652956
7652962
7997291
8168301
2842920
10263825
10263826
10263827
10263828
10263829
10263830
10263832
10263833
10263834
10420142
10420160
13618389
13618392
13618401
1627095
1667764
1698236
1739728
2645335
2645415
2645423
2645448
2665284
2674716
2674729
2674730
2674750
2674779
2674815
2674849
2674876
2869213
2869266
3456191
3456192
3456193
3456194
3456195
3456197
3456199
3456200
3456201
3462000
3462002
3476898
3476899
3476903
3476906
449138
484686
554940
554984
567095
7866149
7866156
7866158
7935633
8171062
8201043
8201046
8221926
8221927
8221928
8221930
8221948
8221949
8221950
8221951
8221952
8221955
8221957
8221958
8221960
8221962
8221965
8271290
8546924
8772291
10219975
10360239
11289060
13734443
2542708
2578569
2584598
2602709
2672307
2694667
2792176
2843034
2843065
2941699
7294476
7415584
7448243
7501813
7515407
7546728
7912107
7923111
7923113
8096572
8121138
8210432
8210435
8210436
8533622
854434
9079717
9080161
9080377
9283756
9283876
9894734
11281172
2859253
10418268
10420098
10420176
10457503
13734225
13734229
13734244
13734248
13734256
13734257
13734258
7457845
12285633
12287049
12287945
12289119
12290037
2579556
2579580
2579583
2596458
2620974
2753028
2830245
2835999
2836212
3460168
1284105
12285380
12288366
2596258
2617056
2620879
2649051
2753065
2781245
2835755
2835859
3480399
12288598
12289574
2835791
2958405
3480403
2625919
2649064
2835699
2835960
7482421
12637466
2728218
2762735
2778751
2967036
2967073
2967200
2967631
2971007
10063378
10219905
10219907
10222387
10249497
10359316
10359322
10415206
10415233
10457487
10556885
10709319
10709320
10709324
10709325
10709350
11280631
11281084
11283202
1191666
12269326
12308721
12419213
12419274
12822033
13618391
13853218
13872601
2542668
2543432
2544895
2545154
2550477
2559802
2559869
2565997
2566536
2570073
2578667
2579587
2589910
2590200
2590295
2599356
2605698
2608552
2622540
2622559
2622596
2622617
2628541
2635457
2636108
2636178
2636184
2636187
2636196
2636610
2639122
2643781
2647833
2654338
2654361
2654401
2660166
2669906
2672408
2674227
2674269
2674273
2680043
2694434
2694447
2694455
2694459
2694687
2697126
2697995
2704484
2707037
2707085
2711446
2712671
2723886
2725463
2730787
2746524
2746540
2746555
2757418
2757481
2774119
2783440
2783442
2783539
2783540
2789794
2792104
2806540
2808418
2815338
2815654
2820176
2820320
2820369
2820377
2835124
2835217
2835844
2835857
2836184
2836492
2837528
2838391
2842950
2843064
2843175
2843229
2847927
2851845
2857654
2862243
2876817
2878084
2889407
2889441
2889644
2890213
2900985
2901173
2902183
2902246
2902254
2902505
2906538
2911558
2916500
2922999
2931393
2942044
2950910
2951111
2956598
2958223
2966777
2966906
2966931
2967232
2967342
2971788
2972872
3463116
