1171046
1392410
248485
5567587
10510315
2132408
2132433
272636
306301
10510131
1523798
1992395
2093146
2112620
222435
996834
10279167
10279374
10525965
1095751
1222089
1259878
1397576
1445203
1654261
1802155
2068397
2089578
309454
7327369
1666467
1672460
10221648
10265671
10276361
10279411
10279435
10414096
13393791
14737972
14737974
14737978
1633344
2604470
2614487
2614514
2614655
2614771
2615959
2615972
2616017
2616075
2620173
2641575
2714990
2800953
2800977
2801113
2822827
2836327
2837345
2837467
2879905
2963446
3470236
3481584
3488026
7513277
7514166
7514174
7554243
7581328
7893807
7912305
7912308
8000207
8020673
8071302
8094189
8094191
8094196
8094283
8107350
8107353
8154282
8170976
8239923
8239924
8239925
8239927
8239931
8239932
8239933
8239936
8239938
8239939
8239941
8239942
8274852
8385974
8832587
9355487
1196410
10279470
10279499
10279511
10279515
1226509
2540001
379583
5681652
5690381
14568606
1416724
1543530
588978
589045
10261558
10301840
458521
7926600
458615
458698
458731
458753
7557205
8572612
1226483
