254860
227613
224348
253891
5837361
984069
244913
256056
1122107
14880387
1985784
296321
311617
222655
218120
215799
1238911
593865
298261
225976
1092802
2001324
254395
832213
979406
591734
629516
1091854
591299
592224
592681
247937
1086603
1070660
292875
313566
1001284
815988
270436
2064360
302784
14795446
245900
231539
11275325
10519326
269948
1171604
307345
211174
10308853
1002923
1245666
838741
10288236
1993571
7888366
9630301
9630382
9630832
221835
256163
306657
12787051
236241
1046996
1296241
265303
305569
517206
1003055
1133397
12518263
1122833
1247635
1335649
1593648
1999311
2064782
294610
469546
7364529
972415
1040049
911417
815400
1017898
1028177
304491
10386617
1036348
1040457
1131653
1158363
1220858
12324608
815681
919219
1353426
13750569
1672024
1735996
2108853
2117914
18934316
2053547
5963071
2005637
2045503
2063177
2089583
386301
2107911
2119619
2123812
23150850
232091
242235
277815
310835
528805
5837472
5955788
7132084
727761
935517
992430
1451920
5835850
279317
1989730
312478
489377
5451582
208290
489492
225933
976004
712534
1282624
1283010
1595438
854844
278807
1510986
260504
662474
1586332
424890
1074633
1079561
13622276
13762211
1651530
2046774
2070026
254958
269602
275221
309513
356155
402266
483098
599034
683669
7133415
779112
779226
819887
903576
9630725
1351684
226251
623418
7276940
14928144
1686782
1734027
7343182
236991
231388
235237
7279830
1495707
1143208
250988
7351495
1244558
14254575
829771
278009
461733
13968596
13748713
1985254
2063450
2112859
217528
657621
1986465
438251
923644
505900
7776742
335957
1300505
274973
282429
282669
479644
880419
2112862
279469
1795626
220374
285970
2054847
261002
268038
425008
610774
209630
1003414
1993556
2099362
1011088
1149022
2070014
2070022
2070030
207112
211250
231440
239218
239723
5451584
5451588
5451594
5451604
5451606
5451612
5451614
5451634
5451640
5451642
668371
2494470
346086
1812051
1068701
1077896
1626922
1997117
213814
592861
890338
980881
1042762
2341623
13253808
13855052
487913
591001
593260
1161553
2835422
935000
5836899
752114
1141632
14860598
222419
269766
298476
7349140
12316338
1995053
230402
247459
252754
284430
288113
2097510
251890
296086
1124617
1290819
2127262
236254
250298
264104
305254
441518
10542288
288582
14491645
5836165
1104111
14459955
1997163
4770781
5583957
2005387
480707
1024836
1066557
1094132
1108522
1112027
1121187
1130661
1283033
1309547
13851663
13944650
1574626
1633350
1658619
1788418
1992573
1993730
2054374
2063179
2094232
238344
256516
272685
279610
280704
289139
298433
303703
305459
387664
463463
482744
498062
5583949
7272598
7315403
7320393
832217
877448
907488
961819
968243
1452663
2112861
1063780
1077749
1469847
2094228
2094229
2094231
2094235
2094236
2094237
231278
2341662
