972644
1059240
264966
1174472
1575873
1106528
212540
307842
1002961
10358445
1123022
1137385
1390840
13947669
2050497
672289
1625708
207652
623892
345296
1423407
270749
246077
2120865
2498003
307850
222678
275711
1505477
1557727
204852
205272
2116721
2178522
240281
248482
2488564
288760
309771
3465077
7271739
7277989
223404
1126206
213411
1387272
469305
1737110
889473
1831522
929477
2343784
233076
5888158
338074
1241435
1055019
1307229
1297250
1351511
730341
10719973
12378356
12946556
12946574
1574756
2116717
2127368
232144
274479
421683
526109
882066
505762
5561995
5070364
1404972
244723
675475
205798
2080309
2062744
1527632
249583
283246
272554
1104988
1122951
1440557
215295
875603
1615898
4759805
374156
641433
505900
330840
311580
598177
269733
454305
1351507
310068
398705
609575
11519514
10225223
10513647
1054568
10557785
1056735
10599428
1069611
1081355
11279507
11279622
11279864
1168540
1168677
1205440
13068395
13587611
13741127
13765838
13773903
13848166
1430166
1449260
1471315
1670077
1714496
205329
2070918
210973
2111498
2116715
213981
218575
220250
222435
225912
240083
240586
241719
241757
244677
244870
252721
266491
270883
2736675
275129
278887
280481
281533
285228
287834
2923525
2952599
2960910
2972214
297703
302307
304470
307618
323740
331980
343293
343312
343390
344452
3465071
3470641
3477445
3481571
3491952
358187
379118
435225
473811
538257
5409333
5409421
540977
541044
5684074
5725571
605776
618918
621106
641360
671985
700317
7169398
7170642
7304550
7308851
741269
7458708
7532440
7537704
7548128
7667974
775954
8216756
8862362
8900793
891195
915231
921373
9529520
9532384
968925
9923681
1790591
13859501
7945296
1176844
5740506
1397576
300396
1404650
215001
1391756
1070936
1085432
1159408
1728051
298400
264384
2120801
215643
236920
247587
255851
304372
359143
498124
626385
10386596
7278794
7323008
850345
728183
253063
880574
285172
555464
227969
277014
517163
1002544
1030252
10355239
10357886
10357888
10358313
1037829
1113554
1113610
11279650
11279894
1134951
1150363
1178305
1186454
1207592
1211330
1278207
1278416
1308960
13612834
1313804
1314343
1348901
13731673
13731703
13731708
1401725
1429775
1439939
1480592
1490578
1554208
1583547
1592995
1626737
1790914
1999448
2074645
2074652
2074663
2097594
2100235
2100271
2116731
212215
2149638
2164195
2177111
219940
221482
228230
228769
245505
250009
253973
2572433
257625
2615384
2615503
262017
262195
2625053
2626547
263907
264533
2659486
266149
2754227
276878
277098
277630
279419
281347
286257
2882796
2891839
290462
295242
2973127
299716
304070
305192
307703
318368
323937
332074
332166
343488
343841
344119
3460276
3465083
3475566
3480888
3486861
3488202
3488204
3488214
348843
419039
443369
487633
518671
522137
530311
5554798
558371
587525
598980
602421
605722
606731
609629
619028
6437634
695487
708560
7277904
7281484
7288534
7303672
730440
7308788
7308791
7308861
7321283
7350992
7389229
7389896
7417972
7436776
7438328
7440646
7441241
7444029
7449576
7514373
7553235
7555301
7560414
759163
759633
7869314
7877256
7882995
7882996
7882997
7883000
7883001
7917050
8019270
8021419
8571235
8877154
8884270
906537
9133988
920258
9207953
9208472
9208476
9208478
925648
934232
940362
961792
966697
969152
972203
980521
1561164
1061208
1082477
865091
1190027
1369208
13751316
5900059
1492860
1673960
2071914
2087863
2121435
2171164
218053
226885
231065
236355
282503
295537
299307
313221
7350017
338040
389025
5954636
659498
7302435
7670436
13138928
279925
5833150
7303838
555826
13748073
1060266
1286524
13740840
1387720
214168
2180042
231759
280675
5440937
5440939
5562143
5740486
5833138
7133024
788782
8681937
9632919
9633053
243356
7278107
2343777
732499
1374005
910857
296131
2131580
299868
1179973
1372877
1469253
1520123
1526365
1748091
1985680
2060270
2127305
215983
226062
227559
291039
291524
344408
3451239
457459
524070
5842256
7139228
715378
905126
9129755
234647
10358448
1132211
13990031
210190
789962
2549816
2615276
2770266
7294466
7308792
7417971
7573990
7917046
9494927
14389915
1972941
219303
2855508
401977
2862340
2905603
14497847
14795446
728109
2042504
428815
642549
8008941
1082434
281365
1520710
2665263
791129
1740973
555370
8849398
10736313
991610
920949
248414
2496522
2094112
225483
241633
910007
258724
1092396
1196622
1461651
1461737
1520062
1665008
1715305
2128728
216970
240441
242402
2494550
257506
287656
306551
351922
600373
778759
790004
980255
10277846
10277847
10277848
10277851
10277852
10277853
10277854
10277855
10309671
10421122
271288
7275579
1561594
230411
435291
2113230
2494609
7145589
7651297
1030237
12588300
1423605
220682
241166
293276
476421
5948723
626707
8851100
8865388
890206
925823
1098608
1244913
13588345
13766122
568027
1055847
1307251
1644327
2728588
342572
10995527
12247750
13615232
245091
701608
7678590
9285649
9502441
1353700
2004643
2004667
2004678
2005380
2005775
217127
222409
239943
256272
1353506
1987958
2054374
221193
256189
3473475
521903
224281
5898775
7307718
7350663
1498568
1533582
269831
915911
1073178
1107073
1529676
2113224
234040
280662
296833
5414911
5893874
709116
907164
1147673
1604606
7333515
1557308
10494457
13758670
1395126
904524
2041356
2055634
296038
1010843
10541359
1147450
1165723
12326911
12326951
12327111
12327332
12327364
13626574
13671992
1370801
1561558
1590194
1791137
2057854
2067461
2073305
208622
215288
216529
226287
236131
259082
264722
2674890
270697
270795
292459
406641
410338
461279
5849024
7279414
7318807
758014
769627
783791
795909
801081
868458
955430
1217147
14581559
1463198
1492238
1557873
2092859
2475443
5572392
8133920
