1018040
1277229
1000082
1000115
1000154
1000337
1000348
1000367
1000388
1000418
1000448
1000480
1000534
1000569
1000654
1000663
1000817
1000876
1000938
1000950
1001660
1001796
1002086
1002136
1002183
1002238
1002504
1002622
1002654
1002678
1002978
1003047
1003237
1003711
1003744
1003831
1003894
1004889
1004937
1005192
1005914
1006083
1006116
1006139
1006279
1006523
1006541
1007396
1008086
1008767
1009340
1009380
1009441
1009545
1009567
1009599
1010041
1010104
1010664
1010951
1011251
1011272
1011503
1012472
1012494
1012529
1012685
1012793
1013957
1014434
1014741
1014888
1015118
1015181
1015838
1015935
1016264
1016481
1016539
1016550
1016614
1016662
1016693
1016701
1016733
1016768
1016782
1016793
1016810
1016838
1016905
1017119
1017275
1017424
1130053
1018056
1018075
1018110
1018266
1018303
1018359
1031924
1018490
1018568
1018807
1019254
1019376
1019554
1019613
1019881
1019903
1019994
1020006
1020028
1020050
1020072
1020143
1020206
1020336
1020842
1020889
1020899
1020952
1021014
1021056
1021123
1021138
1021192
1021246
1021447
1021508
1021566
1021754
1022312
1022778
1022800
1022849
1022973
1023005
1023052
1023078
1023231
1023403
1023495
1204788
1023649
1023683
1023710
1023736
1023761
1023879
1023909
1024106
1024443
1025201
1025212
1025244
1025265
1025272
1025325
1025377
1025422
1025473
1025644
1025688
1025697
1025762
1025853
1025894
1026043
1026164
1026330
1026356
1026380
1026469
1026522
1026648
1026662
1026685
1026726
1026798
1026859
1026899
1026923
1026965
1027137
1027164
1027168
1027380
1027407
1027450
1027474
1027489
1028615
1028986
1029034
1029101
1029123
1029416
1029476
1029631
1029676
1029718
1029771
1029777
1029890
1029942
1029957
1029972
1030012
1030057
1030127
1030143
1030421
1030452
1030699
1030721
1030742
1030744
1030886
1031015
1031230
1031369
1031954
1031958
1032011
1032127
1032181
10322212
1032241
1032288
10323698
1032388
1032826
1033027
1033619
1034638
1034660
1035430
1035457
1035494
1035521
1035593
1035653
1035692
1035768
1035848
1036193
1036204
1037032
1037508
1037896
1038367
1038684
1039025
1040006
1040194
1041516
1041602
1042000
1042023
1042724
10432075
10432120
10432127
10432136
10437326
10437340
10437346
10437353
10437370
10437376
10437388
10437413
10437431
10437445
1043857
1043879
1044802
1044831
1044964
1044982
1045439
1046435
1046496
1046854
1046881
1046910
1046936
1046979
1047008
1047037
1047188
1047375
1047586
1047727
1047770
1047804
1047863
1047902
10481661
1048288
1048341
1048416
1048653
1048654
1048871
1048934
1049088
10502315
10502439
10502535
10502567
10502714
10502877
10503091
10503093
10503290
1050349
10503605
10503607
10504059
10504145
10504325
10504527
10504529
10504954
10504956
10504982
10505128
10505129
10505130
10505131
1050796
1050797
1050915
1050931
1050940
10510336
1051934
1052784
1053431
1053458
1220632
1054017
1054141
1054241
1054622
1055012
1055045
1055200
1055442
1055583
1055916
1056162
1056184
1056215
1056404
1056442
1056639
1057087
1057237
1057309
1057325
1057591
1057694
1057868
1058204
1059192
1059587
1059607
1059849
1059907
1059938
1060481
1060727
1061913
1062002
1062043
1062121
1062214
1062237
1062267
1062295
1062885
1063086
1063582
1063618
1064179
1064202
1065893
1067017
1068613
1069087
1069109
1071797
1073976
1075661
1077485
1078376
1078533
1078578
1078610
1078659
1079281
1079786
1080598
1084798
1084940
1084992
1085017
1085224
1085338
1085383
1085425
1085455
1085483
1085534
1085566
1085729
1086101
1086481
1086508
1086586
1087144
1087459
1090052
1092124
1092343
1092364
1092700
1092731
1093266
1093305
1094441
1094526
1094599
1094988
1095266
1095543
1095740
1095871
1096532
1097367
1097730
1097762
1097840
1098252
1099827
1100124
1100151
1100602
1100818
1101346
1103694
1107196
1107307
1107469
1107942
1107994
1108384
1108566
1108677
1108781
1108831
1109818
1110189
1111137
1112098
1112132
1112208
1112269
1112352
1112421
1112479
1112508
1112546
1112604
1112707
1112780
1115632
1117667
1117685
1118187
1118536
1119427
1119479
1119533
1120034
1121700
1122673
1126177
1126264
1126354
1126555
1126919
1126956
1126975
1126997
1127010
1127044
1127083
1127107
1127361
1127581
1127897
1128005
1128044
1128211
1128461
1128527
1128734
1129172
1129237
1129400
1129694
1129757
1129808
1129954
1129992
1130114
1130161
1344234
1130589
1130772
1130830
1130891
1131104
1131260
1131509
1131545
1131693
1132209
1132553
1132780
1132801
1132889
1132988
1133041
1133698
1133734
1133843
1133867
1134256
1134309
1328635
1134342
1134479
1134502
1134506
1134647
1136060
1136135
1136376
1136446
1136504
1136559
1136653
1137435
1137534
1137592
1137611
1137665
1137778
1138481
1139792
1139892
1139982
1140005
1140531
1140740
1141900
1142023
1142047
1142918
1146636
1148411
1148552
1149575
1149597
1152122
1152166
1154508
1156448
1156487
1157883
1158833
1159324
1161969
1161993
1162877
1163941
1164412
1164520
1168338
1168479
1168645
1169103
1205407
1170337
1171054
1171936
1173556
1174647
1175460
1175500
1176927
1177108
1177448
1177460
1177496
1177521
1177552
1177569
1177595
1177718
1177818
1178176
1178203
1178233
1178272
1178305
1178356
1178820
1178877
1179943
1180070
1180093
1180146
1180513
1180538
1180579
1180630
1181234
1182257
1183302
1183352
1183418
1183427
1183510
1183611
1183666
1183918
1184054
1184081
1184100
1186228
1186308
1186350
1186513
1186529
1186713
1186740
1186778
1186896
1186955
1187100
1187209
1187264
1187334
1187532
1188208
1188238
1188985
1189265
1189531
1189585
1189611
1189683
1189812
1191341
1191359
1191696
1191718
1192051
1192378
1194174
1194244
1195064
1195324
1195450
1195479
1195550
1195611
1196608
1196898
1196938
1197822
1197965
1198001
1198340
1198425
1198965
1198987
1199200
1200487
1200733
1200762
1201299
1201458
1201620
1201684
1201697
1202022
1202607
1203606
1203714
1203974
1204256
1204816
1205128
1206156
1207349
1207572
1207616
1209358
1210122
1210183
1210244
1210511
1210634
1210742
1210853
1210874
1210902
1211147
1211507
1212832
1213767
1213818
1213847
1214047
1214248
1214275
1214296
1214319
1214334
1214357
1214375
1214405
1214897
1215130
1215250
1215337
1215350
1215463
1215731
1221001
1221149
1221221
1222737
1222808
1223350
1223848
1223916
1224177
1224215
1224785
1226059
1226159
1226443
1226574
1226596
1226791
1227385
1227624
1227679
1227830
1228835
1229004
1235759
1239692
1251807
1251863
1251876
1251917
1251937
1251955
1251975
1252007
1252039
1252107
1252157
1252203
1252246
1252262
1261693
1261874
1261910
1262015
1265449
1267801
1269018
1271136
1271222
1271257
1272440
1273156
1273172
1275188
1276193
1276469
1276583
12772055
12772071
12772096
12772254
12772272
12772292
12772310
12772990
12773001
12773012
12773260
12773269
12773277
12773288
12773303
12773316
1282130
1282429
1282804
1283008
1283179
1284273
1285027
1286320
1286333
1286347
1286371
1286425
1286433
1287905
1290145
1292144
1292519
1292670
1293061
1293727
1296583
1297328
1297406
1297868
1298227
1299203
1300368
1301415
1303178
1303893
1303976
1304586
1304645
1304716
1306952
1307625
1307846
1307858
1308077
1308593
1309083
1310517
1310775
1312574
1312604
1312631
1312661
1312683
1313174
1315351
1317298
1317396
1317424
1317426
1317451
1317478
1317487
1317501
1317554
1318289
1318423
1318899
1319372
1320264
1320341
1321546
1321850
1322459
1322489
1322502
1323859
1323864
1323875
1324113
1324144
1324175
1324190
1324213
1324275
1324307
1325070
1325079
1325095
1325110
1325120
1327795
1328205
1328217
1328230
1328398
1328675
1328879
1328887
1329029
1329093
1329391
1329567
1329586
1329624
1329728
1329753
1329819
1330365
1330789
1332381
1332571
1332838
1332990
1333156
1333329
1333439
1333506
1333540
1333638
1333669
1334259
1335082
1335095
1335543
1335725
1336105
1336395
1337722
1339520
1339549
1340342
1341683
1342596
1343348
1344041
1344185
1344430
1344457
1344459
1344979
1346253
1346396
1348122
1348164
1349148
1350127
1350270
1350558
1350817
1351094
1351161
1351180
1351207
1351242
1351263
1351466
1351664
1351705
1351743
1351923
1352040
1352399
1352520
1354608
1354873
1354984
1355025
1355242
1355414
1355655
1355716
1355917
1356236
1356251
1356288
1356437
1356979
1357472
1357623
1358270
1358403
1358636
1359071
1359991
1360099
1360194
