1134309
1175460
1352520
1486617
1635555
2477768
669836
678287
857648
883156
885144
1002136
1006523
1008086
1025212
885096
1033619
1041351
1050796
1051584
1085017
1022973
1085224
1087144
1087207
1094599
1128461
1128527
1128734
1129757
1129954
1130356
1130589
1130772
1131260
1131509
1131693
1132988
1146762
1180146
1194961
1198369
1203473
1337722
1358636
13774776
13776709
13778398
13783318
1427998
1030143
1524210
1707551
423291
454078
515907
516489
516525
560658
5918392
667607
671017
687732
689095
689166
689188
723826
732173
852637
859799
885085
898475
910140
948964
973175
1554523
1003494
1006199
1010664
1013957
1015181
1016838
1018266
1018303
1019376
1023052
1025762
1026706
1026899
1029101
10291422
1029777
1031230
1035682
1036301
1042503
1042762
1043035
1043560
1043983
1045710
1047359
1048654
1050349
1050628
10510336
10562223
10562387
10562393
10562407
10562667
10562703
10562732
10562743
10562755
1057087
1072298
1074427
1074588
1079045
1092343
1092700
1100818
1103694
1110189
1111777
1111793
1113199
1113216
1113234
1115574
11302590
1146106
1154017
1155512
1164520
1167060
1170200
1174382
1179943
1181408
1183918
1188678
1192258
1194174
1195550
1198340
1204044
1204793
1207349
1218872
1221149
12358242
12358254
1239553
1239588
1266301
1276469
1278054
1278644
1283008
1304716
1308474
1310517
1318899
1322459
1322489
1323532
1330789
1335725
1336763
1339549
1340515
1360194
1361724
1369157
1373189
1376160
1376699
13769860
13770191
13771005
13772696
13774650
13774797
13776701
13776750
13779200
13779432
13779792
13780067
13781797
1378288
13786594
1383108
1383917
1387786
1389178
1412982
1413012
1416897
1418290
1423374
1423392
1424789
1436870
1436887
1436912
1450953
1452763
1453863
1458182
1458205
1462031
1479968
1482574
1483572
1490184
1496621
1504016
1511358
222068
1532538
1532588
1532636
1532645
1554554
1565216
1576721
1601188
1602836
1611845
1624306
1624577
1627277
1633309
1638641
1639060
1640032
1651708
1652044
1112780
1746817
1749743
1790297
1800456
1802582
1026469
207361
211931
212589
219522
2264467
227120
228056
232541
236426
2486837
2486839
2486841
2495309
2495365
2495370
2495373
2495776
306263
306297
308649
309465
318258
318960
322438
334064
359469
359581
359745
410010
413114
439119
439695
439989
471844
474556
481234
503777
503852
503889
514624
554291
5552373
5558444
5561944
560377
560389
560408
560444
568986
577727
577813
577992
581277
5898994
611372
614969
649956
649982
650109
650181
650227
650364
650414
657431
662729
662945
666398
675862
675971
677969
680133
680357
680464
683178
714795
737523
738440
738703
742798
758571
846226
856417
858860
876700
879946
887587
893451
908827
915287
921321
923081
923296
923333
923430
934677
947506
955138
959883
960464
962175
962197
962559
965799
965846
965956
966531
966751
996647
1000082
1000115
1000154
1000337
1000348
1000367
1000375
1000388
1000418
1000448
1000480
1000534
1000569
1000654
1000663
1000747
1000817
1000876
1000938
1000950
1001079
1001111
1001198
1001257
1001280
1001300
1001321
1001521
1001660
1001796
1001867
1001899
1001903
1001961
1002007
1002086
1002183
1002238
1002504
1002518
1002622
1002654
1002678
1002868
1002978
1003047
1003237
1003385
1003577
1003711
1003744
1003831
1003894
1004029
1004072
1004475
1004647
1004787
1004889
1004937
1005192
1005438
1005608
1005627
1005746
1005754
1005757
1005914
1005958
1006083
1006116
1006139
1006279
1006541
1007030
1007309
1007396
1007974
1008321
1008371
1008385
1008442
1008534
1008767
1009117
1009340
1009380
1009421
1009441
1009545
1009567
1009599
1010041
1010104
1010270
1010715
1010951
1011251
1011253
1011272
1011503
1012230
1012472
1012494
1012529
1012685
1012793
1013331
1013547
1013797
1014434
1014741
1014762
1014888
1015118
1015838
1015935
1016264
1016307
1016337
1016354
1016379
1016481
1016539
1016614
1016662
1016686
1016693
1016701
1016733
1016768
1016782
1016793
1016810
1016905
1016931
1017119
1017256
1017275
1017424
1017583
1017736
1018040
1018056
1018075
1018110
1018359
1031924
1018467
1018490
1018568
1018807
1019254
1019515
1019554
1019613
1019881
1019903
1019994
1020006
1020028
1020050
1020072
1020143
1020175
1020206
10202577
1020336
1020842
1020889
1020899
1020952
1021014
1021056
1021123
1021192
1021246
1021350
1021376
1021508
1021566
1021754
1022312
1022778
1022800
1022849
1023005
1023021
1023078
1023231
1023403
1023495
1023632
1023649
1023683
1023710
1023736
1023761
1023879
1023909
1024079
1024106
1024443
1024548
1025090
1025201
1025244
1025265
1025272
1025325
1025377
1025422
1025473
1025644
1025688
1025697
1025853
1025894
1026043
1026164
1026330
1026356
1026380
1026522
1026648
1026662
1026685
1026726
1026730
1026798
1026859
1026923
1027137
1027164
1027168
1027189
1027216
1027380
1027407
1027450
1027474
1027489
1028615
10288017
10289753
1028986
1029034
1029123
1029151
1029416
1029476
1029631
1029676
1029718
1029771
1029890
1029942
1029957
1029972
1030012
1030057
1030127
1030421
1030452
1030699
1030721
1030742
1030744
1030886
1031015
1031369
1031954
1031958
1032011
1032075
1032127
1032181
10322212
1032241
1032288
10323698
1032388
1032826
1033027
1034638
1034660
1035210
1035430
1035457
1035494
1035521
1035593
1035653
1035692
1035731
1035768
1035848
1035856
1035916
1036110
1036193
1036204
1036352
1037032
1037040
1037053
1037508
1037896
1038367
1038623
1038642
1038684
1039025
1039617
1040006
1040194
1040952
1041068
1041095
1041121
1041356
1041516
1041602
1041655
1041737
1041762
1042000
1042023
1042372
1042544
1042567
1042606
1042724
1042884
1042973
10432075
10432120
10432127
10432136
1043664
10437326
10437340
10437346
10437353
10437370
10437376
10437388
10437413
10437431
10437445
1043857
1043879
1043999
1044279
1044285
1044310
1044316
1044354
1044356
1044402
1044406
1044444
1044802
1044831
1044964
1044982
1045216
1045439
1045781
1046435
1046443
1046496
1046508
1046655
1046673
1046706
1046824
1046854
1046881
1046910
1046936
1046979
1047008
1047037
1047118
1047141
1047177
1047188
1047375
1047586
1047770
1047804
1047863
1047902
10481661
1048288
1048341
1048416
1048536
1048653
1048871
1048934
1049009
1049088
1049269
1050113
10502315
10502439
10502535
10502567
10502714
10502877
10503091
10503093
10503290
10503605
10503607
10504059
10504145
10504325
10504527
10504529
10504954
10504956
10504982
10505128
10505129
10505130
10505131
1050797
1050915
1050931
1050940
10517366
10517377
10517379
10518734
1051934
1052784
1052879
1053431
1053458
1053889
1054017
1054141
1054241
10543141
1054622
1055012
1055045
10551024
10551026
10551029
10551040
1055200
1055348
1055442
1055583
1055916
1056162
1056184
1056215
10562463
10562636
10562761
1056404
1056442
1056639
1057237
1057309
1057325
1057591
1057694
1057868
1058204
1058488
1059192
1059459
1071797
1059587
1059607
1059784
1059817
1059849
1059907
1059938
1060481
1060727
1061913
1062002
1062043
1062121
1062214
1062237
1062267
1062295
1062885
1063086
1063582
1063618
1064179
1064202
1065085
1065106
1065678
1065893
1067017
1067114
1068613
1069087
1069109
1069763
1070043
1070088
1072887
1072914
1072981
1072993
1073500
1073788
1073976
1074354
1074487
1075262
1075654
1075661
1076045
1076064
1076105
1076166
1077485
1077880
1078376
1078533
1078578
1078610
1078659
1078700
1078752
1079281
1079695
1079730
1079786
1080598
1084798
1084940
1084992
1085338
1085383
1085425
1085455
1085483
1085506
1085534
1085566
1085729
1086101
1086481
1086508
1086586
1087459
1090052
1092124
1092731
1093266
1093305
1094441
1094526
1094988
1095266
1095543
1095740
1095871
1096532
1097316
1097367
1097730
1097762
1097840
1098252
1099217
1099827
1100124
1100151
1100478
1100549
1100602
1101346
1102753
1102974
1103131
1107196
1107307
1107469
1107942
1107994
1108089
1108384
1108566
1108677
1108781
1108831
1109818
1109924
1110134
1110341
1110992
1111137
1111206
1111245
1111863
1112098
1112132
1112208
1112269
1112352
1112421
1112479
1112508
1112546
1112584
1112604
1112707
1113165
1113408
1113709
1115632
1115835
1116037
1116821
1117667
1117685
1118187
1118536
1119427
1119479
1119533
1120034
1120773
1121700
1122673
1126177
1126264
1126354
