245044
1149563
1262598
211174
2119197
2126014
2076484
964297
414915
2059873
1264941
1082422
233014
1276455
309769
1386381
963292
974156
1387702
1169742
7332784
260092
565702
5888158
5444607
1070660
1172243
5915255
1661362
294412
477563
2067467
1255022
393278
304804
526261
7472411
1723283
9412866
1003267
1176659
488790
1465292
1465558
1987991
545124
7280185
7472703
390142
888941
270036
582137
231331
10512783
949408
1250052
1997599
1118534
930966
252298
255364
1985910
1521946
1693548
242589
2105651
304004
2066511
308601
7678677
807168
1566970
2343784
811422
540356
1505896
541044
1205440
963115
540439
1069611
218368
239027
980255
1681708
657795
924429
453185
283954
1312739
1556356
540517
540793
1127502
540977
6573725
623090
1491083
1993801
1994022
2001537
1088685
1447685
922583
1651465
231633
308967
540611
1173161
1260508
1341084
1450678
301474
2000595
2099451
222655
250572
540273
764945
807048
810277
810671
915231
996283
223892
1336616
1620967
1245514
366055
970571
1134705
1363020
957032
13717690
1985902
2004653
205105
2125245
408213
5891731
838647
926427
960076
976004
1419979
402318
582004
1226382
1993316
540704
691386
1245529
210583
222355
244765
270795
531057
793495
904703
2112855
1723220
1344095
894195
1362980
1244181
1259123
1464736
368381
1992885
2109781
2099043
2099053
2099055
2122996
2779686
677033
7928699
790543
1511358
2091279
1198046
5917083
790515
5835320
1396121
477356
477424
1274047
1046326
2062548
258674
966116
1275593
1355162
812430
14478423
1737632
811959
757561
2056287
608329
808303
916370
922724
1605481
7320396
417153
790622
263747
1018927
1286901
2103855
793481
1202283
14430747
1123528
1124828
2059327
2091057
2092169
759405
943238
1289423
1126281
1069082
603814
2059869
14612370
2112861
2112870
649049
10431334
1071101
1081355
1131134
1272888
1528489
1985179
2046843
2049235
205111
206976
2128147
215412
226919
227294
247691
2494449
262482
282853
297040
313132
406875
439491
582032
5957186
616204
668371
848094
909483
990312
1027485
1051732
1087253
2112865
302268
379504
839836
1161932
1074076
1267526
1286524
2064062
2086655
351682
379477
403930
1217147
790575
1000922
1036345
1246286
13992137
1723184
5959010
2005596
2116706
2124863
236710
238208
252559
289138
297114
379526
452510
474312
5837560
5901638
600037
610157
613924
614039
782681
2006205
2122648
2125225
347732
5563132
673859
1007656
1723222
2075341
2735673
282003
330907
379404
968945
2112858
1013027
1024836
10470536
10491280
10495498
10517909
1056000
1060430
1076903
1090089
1097645
1116111
1122038
1135958
1146142
1150423
1208465
12326963
1246317
1270049
1284607
1307472
1318812
13253808
1332891
13612883
13619487
13619491
13774420
1399346
1430091
1461617
1461628
1519892
1529714
1716834
1982842
1988621
1998768
204801
205624
2073572
2073730
2104807
2112860
2116206
2132516
213914
233409
235944
239542
246837
2496515
2498019
5954031
251848
256056
256930
257757
2577632
261854
269789
272143
276948
282772
284305
286243
287509
289693
293502
294509
294636
298433
333871
340897
371532
421356
489721
505472
549460
592224
605996
615278
626612
663197
672595
693944
701559
701608
701623
7274572
7339937
7347240
798647
909460
920217
934929
940374
966256
2000059
2112859
453127
10289293
10309268
1037832
1168166
1342048
1352645
1432130
1723158
2116694
2116710
379446
613975
614013
614056
1328961
266543
1120186
10490382
1072451
265715
2801075
675494
14454405
14491645
14654603
1622639
2000815
2046237
2056006
2062510
2114967
221863
235778
2946829
479028
483098
5440933
5835891
615983
6173010
692352
896413
898852
964717
968277
995772
1117251
1417300
351266
351526
351597
736980
1191227
1244558
1071339
1236439
1461760
2005387
220903
258440
305608
359198
486013
1405133
2005615
2343790
1122075
1124713
1248516
1263137
1746670
2118886
277456
281016
312884
467072
536855
615949
737012
737061
851199
889487
938465
1299511
2119277
2119278
2128296
10561189
1154262
1155688
1282624
13751152
1456850
1477528
2002767
2123384
226211
232646
257570
281048
283309
5412466
547585
5836494
627315
7317367
7336195
766822
790004
812108
10494741
431711
260721
485932
964031
1128137
219647
356559
7281726
737101
907567
2119354
838687
1386283
355916
355949
5835607
265143
268504
2004476
2064552
252317
259082
351720
760711
1262516
1327553
1356135
2067212
236417
255844
645499
7294108
765446
1003807
10309610
1244036
209815
2112862
236649
264722
877396
1639060
2006232
2058610
1005297
1010752
1123290
1741659
2067174
2342877
266632
279985
297357
489451
5583936
5583968
728124
7308668
746138
7548124
965918
1475740
669893
802287
812631
1973061
1992401
207429
1226146
1990988
2044466
2064803
2064807
8786188
10291359
10433732
10494085
1074450
1334344
1391439
1397502
1445030
1452831
1457403
2044954
2072870
2087375
218836
234428
239586
242518
244384
251588
254958
265021
276212
278673
282032
290089
312283
313801
338558
338673
378409
565783
607926
619829
699221
7275800
7281727
7282450
7282455
7282456
7282457
7320147
801081
875809
907796
929029
9308844
933847
940799
950726
958274
999269
999824
1087705
239394
469089
1603245
987139
1038196
1499624
206539
2081350
208436
2195661
226606
234305
243327
249328
269524
303070
308653
438251
7315402
1341959
13766076
2064809
2074870
2128986
232939
317531
610293
7278575
777781
931685
1985700
286814
5579271
8035058
884634
1000410
1031289
1110246
1293658
13841418
1801491
2067397
271306
304726
359851
5562004
5837472
882675
1015224
1039818
10494235
1066734
1094227
1099383
12489043
1268181
13556677
1560127
1628817
1690781
1986835
1987210
2060112
2066174
2066185
2067465
208805
2119199
227479
273129
286990
298488
351159
351400
925823
431637
514229
5440975
5955190
7282270
809719
813087
924892
929048
1051812
1398586
205999
631925
1127210
1441362
1814825
1996182
234344
287834
301268
357576
7274413
947993
2097194
1001759
1121995
13665833
1564459
1988129
1995774
2059091
2059633
2059641
2098670
5583957
8042751
812034
8342180
836567
8691924
992148
1086603
1147039
2125145
2577637
610167
1331981
208725
2124445
2479892
2494550
258915
266426
282429
303392
425008
427495
602287
300050
1000941
1014191
10432807
10492695
10494739
10521682
1085312
1094356
1116667
1128954
1132558
1141632
1160149
1172661
1191361
1199936
12283705
12313537
12321180
1241227
12413162
1250381
1279739
1303064
1310210
1317260
1327789
1335452
1341008
1341883
1341989
1342087
13672162
1421051
1449868
1451920
1464571
1478683
1516442
1532738
1539810
1541719
1585634
1602019
1625216
1629497
1698467
1739781
1764996
1988832
1989949
1993392
1993416
1995803
1995828
1995919
1999187
2005380
2005897
2043329
2045475
2053495
2058111
2059631
2059635
2059637
2059643
2059645
2066782
207415
2074556
208479
2094971
2113213
2121687
5896171
2131578
2131580
213634
219264
221952
223104
223795
224269
228972
229192
236355
237966
2464056
255060
255581
259501
263895
2665429
270871
271954
274188
294655
295377
306065
306320
308463
310268
311699
338289
375449
385278
399420
431838
484079
488887
517471
528138
529990
565851
579674
5833094
5833484
5836977
5961304
605538
607424
640825
641003
689155
709142
712037
7135210
7144384
715651
717112
7272585
7278102
7298478
7299667
7300787
7303172
7477716
755877
790335
8089573
8242466
844414
8578935
865091
884773
890973
894696
906044
910375
914301
931159
934205
937619
940362
953655
960479
961777
961792
981508
991663
1067844
1278901
13886361
14298285
14349396
14392659
14581063
14692846
1524280
1802805
2062626
2077615
2091668
2107557
2116052
2200487
2477606
284926
5688659
5835738
5907303
718558
7589310
810202
816959
908705
959465
2341662
