1038302
7900486
7567979
7817893
1183015
483650
1334220
1304453
7905323
7548128
1191301
1182641
8520038
10736421
442175
13733115
2966811
8205064
2599809
359793
10304766
1542377
842425
413300
3454712
8182421
1353418
2208938
450263
7303667
8518580
9676500
2180040
1039923
8524592
1459778
2182503
3454716
9145084
1198829
10540982
1583547
1663327
1136330
8182422
8182424
8182427
8182428
8182429
219833
1542417
1542488
1037871
1129978
1298570
1298860
343390
1267568
1446746
1538820
7355656
1037948
1298789
322841
450301
8585708
9187951
9379690
9686009
10418437
1174116
1235290
1726394
1751700
2182559
247207
8015285
8551904
1353399
7400611
7905324
7905325
7905326
2180013
1166700
5453555
1168792
649058
1334095
1334108
1334159
1334177
1334190
1334268
761288
1542465
1542520
1542559
2170765
259550
260768
283901
421160
10440671
14918775
14921101
1316591
1438865
319609
686337
1492813
7573720
8866731
1007468
1150957
1164201
695862
812335
919563
968188
968213
968240
1220155
7986882
8394443
1286954
1697815
1697838
1697869
5683746
8037855
8037857
8037862
1069279
1124761
1267142
8015134
8015286
8015287
1339069
2167705
401201
1763386
339347
473606
8075066
8075068
8551903
1718778
1722358
2228589
353175
421867
486810
585833
634090
667035
742775
831319
8383179
965667
965680
1366255
1474886
1480486
1568624
1609581
1609598
1640866
1640873
1751646
376822
8324474
8022399
8303286
7888768
1036548
9384204
1302883
1624696
1223914
5544973
1731921
8321684
1298687
10540984
1259027
1298530
1298630
1298740
1298823
329938
453294
1201093
1327979
1364109
1494878
1298593
5607932
435247
1644493
452475
506325
9187952
1542367
319670
319972
8041678
8525683
1084341
7905313
7905327
7905328
7905329
8759501
1155654
1339052
2185166
435267
435285
492614
7905312
8804039
919520
1046827
1158690
1171348
1186323
1198554
1275730
450353
8570858
10225191
7300114
8037860
1082022
1265297
1319081
875483
8914391
1227725
1349041
1765721
8015062
8015085
8015119
8015185
8015252
8015288
8381597
8747320
8782050
1969696
1969699
1969701
1969703
1969705
1969707
2167722
8704833
573743
5853908
7874376
8036132
8075064
8075069
8075073
9123362
1167835
1358919
7922806
1284381
2685114
509357
636882
705488
8529770
9379699
2123220
7548126
7548129
7548130
7548132
7548134
7548135
7938173
7938175
8753153
8765921
8768334
8782066
2881717
7998913
8037793
8037856
8037858
8037861
8485668
8485671
8485675
8485676
8750080
8752352
8753150
8759497
8776759
8781971
8782052
8782053
8782054
8782057
8782058
1454568
1705253
1705376
2167702
2167707
2167708
2167711
2167713
2167717
2167720
2175835
1194796
1446649
2227979
319946
320001
338000
8526469
409201
8075016
8075067
8075070
8075072
8075074
8075075
1144368
2180028
7307150
694909
918712
3458064
3458066
3458067
2196921
471685
585798
705459
742813
790405
831337
8585713
8585714
8585717
1002700
1236429
1272859
1365087
1495704
3461580
466664
7549633
7916115
8053443
9147384
989554
1038838
1354884
1569142
295517
450450
454411
454568
7938171
7938172
7938174
7938176
7938177
7938178
7938179
7938180
7938181
7938182
8170284
8747322
8747792
8776763
8782063
8782067
8782068
8782069
9072051
1046851
1154713
1186217
1198547
1232884
8059246
1269986
1313391
1322924
1350942
1481193
1481266
1524255
2161976
2161977
2161983
2161988
2161989
3474615
7651667
7900487
7900489
7900495
7904836
8006134
8119515
8119516
8119518
319545
553912
8041532
8041558
8041676
1010879
10304768
10304772
10304773
10304774
1041469
1422028
1345717
1410531
1699085
238617
274921
8873026
7478187
8821058
10540973
10540990
1117022
1160527
1328527
1355781
993087
1050176
1170866
1175013
1202122
1236392
1328859
1328885
1365111
1822646
7397328
7397868
7398067
7398174
7398433
7399101
7399255
7408370
8053444
8521541
8521542
8521543
8521544
8521545
8521546
8521547
8521548
8521549
8521550
8521551
1969698
1969708
1969709
1969710
1043327
1194826
1272002
343513
3473475
7922812
1070088
1236682
1319227
7548124
8033591
996645
996728
2045088
1389628
2133503
624902
8485666
8485667
8485669
8485670
7552361
1328022
1110992
1292278
1606292
10323254
10323255
10323256
10323257
10323258
10323259
10323260
10323261
10323262
10323263
10323264
10323265
1238188
1244001
1285200
3458062
7321493
9147678
1213905
1249012
1340876
3454722
454620
7401853
7900488
7900490
7900491
7900492
7900494
8806766
10304767
10304769
10304770
10304771
1446709
1568316
390749
390933
5492524
1042762
3458060
3458061
3458063
3458068
3458069
2196834
480497
7397765
1318154
386942
1081355
8698474
1028249
10304764
10304765
2686304
7769860
1249060
1369076
1376847
1832047
2190960
2190962
244468
273569
7401826
7478179
7478182
7478185
7478186
7478190
7569065
7569068
7569071
7900493
878888
7997263
7478184
7478189
7478191
7478192
7478193
8806765
8806767
1629975
2182545
2182557
2182563
2182565
10213416
1191819
1209489
1355498
1597554
215993
1559029
1589771
204844
2112014
413157
10213565
1245712
3486175
5669378
8695469
8698477
928681
1049081
5572522
1364087
1383041
413000
7571468
3461817
3461818
1044553
10526013
2107021
2133532
1278430
1751668
1169743
1044430
1044617
1044665
1044364
1044728
1044761
967565
2170723
967585
10224832
817241
847131
7316793
