2043337
223901
974156
2083484
1103789
5895793
242275
281165
2085803
232769
5836399
844678
292114
1503510
223143
259157
7348783
934933
991301
265842
584771
998156
1422962
212170
1548123
967530
1987982
1970060
1365918
13749301
2074134
886611
1347347
806376
923291
1117275
1985508
511362
463390
7275797
1997923
1769908
210360
623090
1981834
2083507
233784
274670
2116293
302628
10386553
595136
305522
248295
2066874
752666
2064538
584823
1520789
10386550
598373
2083500
255207
840288
969660
1440177
1565875
1999837
511669
237307
2083505
1688691
2083498
2083506
2083509
291440
511703
2600174
14027716
332383
1483823
14694505
1003381
1570242
14550445
276611
1024517
1993587
234240
1101425
2094838
1973103
2083485
5955233
5836429
1992697
14284083
1988865
2091649
269734
1068179
1371116
13613360
2113461
12327407
1991732
1410539
1442535
2099350
1530515
1661110
1088873
2078599
799703
1999130
2051814
13850633
963768
216080
296205
3454896
585059
1121187
2735288
811422
13748713
2577235
956019
1525534
2006526
266718
310065
2006038
608953
2043331
302514
454734
5835566
2005873
5956894
1990258
773427
2085825
626646
1299739
1463270
255636
469546
717081
733023
1312926
2056587
2130183
222337
5442885
5568227
5837622
1002923
1282946
1574421
1593202
1742926
5585924
7318365
937650
978024
987950
991761
2118917
792889
1620669
2094254
5835218
1000914
5846688
585193
3451517
647706
10285930
1251426
1258205
1533514
1997565
231991
2577705
273522
278972
2808828
350426
529460
602784
7307933
7323140
7323708
832217
8858211
964744
1256638
1311154
14491645
1593272
1982579
2059841
2062699
2094164
2714636
7318887
985332
