10526013
1147070
1135519
278398
282901
1159115
1275592
1330184
13685739
1453267
1493663
300027
296696
1984512
2057265
514404
216343
283636
304961
7277200
7331977
7335584
7347101
1984876
1984503
1289577
1104758
1991946
2002970
12440249
1996058
2002960
2002968
252211
1117675
238504
398455
5959476
2068388
771031
1973093
14386331
5916444
5955233
5956787
5959766
5965762
1255616
14391119
2073772
1251509
5838929
588856
588894
588965
588978
589005
589045
589062
5892071
5964812
964353
10310041
1442535
1546964
280115
2096055
908230
1227221
2117814
1141324
1973114
603814
5890414
1131816
1132252
1651689
1973103
2041139
248463
5442776
779152
