10308844
1069190
338386
1165152
1165181
14795446
508717
509078
283662
416996
5071402
8513502
338006
1208396
291565
509147
1155642
862026
1484933
2041139
2488239
477563
1992650
1075182
278492
216445
338188
2057257
10204540
508689
297430
2041141
2041135
1135958
1546810
10235767
11269835
12284628
1723247
209152
258305
298247
299256
313037
5719426
9412866
337880
426700
774943
915927
426770
10288252
2058066
1663618
270749
13790504
2075341
1623325
1663605
1735076
1765360
266510
285759
301826
811649
2092251
10389522
10512783
2072750
223919
238917
252298
257431
272794
273187
311275
477356
477424
620517
849176
12440249
338097
350426
338459
231968
2005628
1430125
1998830
2001396
285016
904666
2073728
249528
2058068
5946988
637027
1010843
432455
509607
10308059
386301
386141
408299
476536
525443
737472
812906
2127072
350086
350196
7576307
8516159
909483
10288624
2058064
1005796
1056000
1133397
1146142
1196404
12324187
12326963
1343660
13612883
13744028
1491083
1588593
1969083
1993801
1996503
2000035
2001537
208159
2096636
211077
217765
218368
229655
249963
253760
282763
300592
305556
410579
451064
5725233
579525
5998664
609575
7332038
837639
338289
5891731
427672
2092859
1060430
1265111
14598109
1538966
237450
1100193
1235840
1430091
2092873
223912
427202
427299
427438
427495
786132
902101
504050
1386369
1075597
1993644
230432
601203
14910234
2064839
226570
313249
463280
517338
1984797
1694440
428731
269475
1150423
2075337
904703
353612
1066911
11282799
1165156
1230526
1269664
1307472
13774420
1529636
1734053
1785369
2006074
2067465
207311
2073730
2081221
2092339
210583
2121943
226062
235944
244765
2485671
251360
270701
270795
271773
304004
435154
463494
480905
498713
531057
665584
793495
825660
892546
925727
1049241
1245529
13727292
248498
259082
289175
849309
1010890
1290186
1487235
2087419
2087420
231448
253716
261405
275339
284205
296977
484079
549460
906623
931799
971739
1689754
13750436
1992919
1992921
1992923
1992927
1992961
2091395
2091401
2003406
878283
1992935
1995870
2004548
2099040
2099042
2099068
271268
485142
5898752
763107
835406
2041133
337960
1799354
2041129
337760
2122654
2091382
1989448
278894
2041137
362172
2041145
2041147
1516557
5837178
1514720
2041131
2041143
2092138
5910249
2092128
338053
1114903
961606
765446
2092169
1409931
813468
2000815
2092151
1100409
1238492
1605481
1985521
2000907
2002316
2044750
417153
435215
498885
505472
507858
9512729
962400
974937
2092224
1993571
5907717
2091385
915908
2123115
1490837
2042550
611433
2086209
2049445
1227221
2053103
2080901
1487170
1516442
417382
2096053
2119014
2088298
1992933
1086603
14612075
14612234
2059869
2059881
2065783
2077589
2077595
2092134
257871
2623176
692352
801458
848905
908230
1993340
259457
1996053
2092118
5690368
529824
1995856
779152
2092257
856118
2091050
2091052
2091054
2091062
2093563
294496
5443160
5838225
5958234
12574995
2092228
2092255
762125
833690
2091388
2091393
2122658
5443167
214491
1300974
1282496
5443170
1150991
2063785
2092437
5905885
2079366
6573725
682869
1037641
1668480
302268
2092235
2092239
2092243
2042546
10492216
2080903
548336
1128455
1993329
2000059
2464265
682832
682906
812999
14487729
1548969
2092233
2092237
2092241
2092245
2092247
2092249
2092253
2092259
356055
482877
2087701
2464273
1226382
12576438
1435195
1454571
1684559
2049239
2076411
2128576
232234
247611
284123
308840
548304
593451
625490
668793
762034
938465
946208
5955175
10324090
12345307
1369427
1723500
1997637
2042548
233884
2092143
356120
482800
482827
778630
1060266
1243993
1244033
1435144
1988122
2057464
2075697
2087288
226681
1430074
1998768
2001660
616362
724620
2057513
2080893
2088313
14493142
917152
909460
1504617
1554170
1023152
1071636
1090089
1100375
1186782
1300548
1343970
13761580
13766435
13823161
1440731
1470393
1530204
1993646
1995315
2001570
2041356
2104719
2127066
303902
350004
350034
372117
509194
515539
5579266
752578
915054
923816
930410
970577
988770
2096055
736626
1046796
1131534
1374130
1423988
2464269
5837021
607926
658898
1299233
1074741
2075388
2080896
2086170
2086189
2088310
362208
922646
10467726
10467757
1055825
1075524
1115438
13823209
1453290
1990089
1993640
2073726
2115036
225397
234441
240147
243401
267182
285121
297162
452140
5451935
5960299
928620
9414555
743422
1022059
1024517
10287989
1030091
10309274
1031289
1031465
1038886
10493912
10494794
1051732
10547632
1081637
1103123
1128954
1143297
1165429
1169254
1199936
1251509
1293658
1303064
1317260
1322536
1327186
13612440
13790476
1447685
1453248
1470346
1470442
1470464
1470493
1470511
1510514
1549427
1575752
1624064
1624178
1737693
1968924
1970303
1972422
1989949
1993642
1994035
2000086
2005443
2005788
2073714
2073715
2073717
2073724
2073732
2073734
2123386
214210
214515
217518
219266
231633
252559
253360
270876
276483
281941
288458
2927039
296391
330244
331387
373079
391437
421125
427115
434672
477765
480808
480927
5415398
5441443
5541458
582032
589340
5960475
608055
629594
659198
7135192
7348274
736424
744328
758055
813421
852017
856800
921018
937709
960458
975535
982962
990983
996373
1001536
1013679
1035858
1122308
12357304
1317158
1432397
14384389
14387453
1464920
2041330
2056867
2057511
2058610
2060943
2075339
2077617
2079686
2087685
2092163
2094166
2104628
2133118
2464262
257271
301260
362319
508343
5441449
5442990
5695163
5910580
648425
741058
752091
893875
943284
965324
968277
982732
984575
