8539151
2593573
2661676
2661692
2661718
1208573
1634468
10314142
13726860
2241139
2654600
331822
10324080
10484020
1145208
1250826
13964513
2476641
2960910
10232683
10261558
10736977
11280240
1135229
1212415
12338273
1286765
13919167
13919186
14892252
14918775
1608170
2159275
2159291
2800475
2159389
2642425
2743454
2816618
2966379
2972516
3484564
3488300
1021045
10272220
10359150
10484021
1141311
1153479
1173731
1250845
1332419
1338328
1367936
1462888
1469480
2274907
2572364
2572485
2593593
2593607
2661580
2661643
2661684
2661725
2661736
2661769
2661777
2756185
2801628
2801651
2860155
2874078
2927357
2927604
2927694
2960474
3464165
3464168
3464757
3475566
3475567
3475568
3475569
3475571
3475573
3475575
3475576
3489158
458714
8076630
8076750
8076771
8733069
9187955
10213792
10221621
10236645
10258260
10260494
10358430
10415308
10421056
10480192
1049498
10559473
10737149
11276794
1197695
1217172
12308260
12324179
12513919
12639499
13004973
1332133
1356542
13733388
13966832
13966921
13967156
13967157
1418788
14892082
14892266
1499413
15025643
1575410
1608144
1608464
1725892
1747657
2149644
2151902
2151909
2159257
2159283
2972057
2162308
2207421
2212407
2216401
2543927
2544203
2578385
2590146
2617363
2642371
2647218
2653638
2654459
2691765
2736517
2756657
2816588
2816680
2816818
2817116
2842417
2849113
2849324
2906798
2955723
3458836
3460881
3467892
3469541
3471977
3476477
3478651
3478657
3483199
3488304
3488330
357849
386078
501990
502094
519393
520263
551046
5543035
5543042
562525
7292971
7366514
7377821
7386733
7387293
7508886
7518992
7539091
7544387
7568996
7572715
7651324
7651328
7675072
7788321
7817836
7877212
7895124
791576
7928796
8025229
8049910
8052472
8060104
8060108
8209580
8245611
8578866
8732946
8734123
8751697
8769700
8794519
8897114
9640096
9713221
2960977
3476509
13667941
13667942
13964517
2551418
2593718
2661689
2661723
2661724
2661739
2661772
2661829
3482265
8076690
2572925
2573616
2601579
2628484
2681664
2685850
2698802
2789626
2948561
3469750
3488299
7433045
7494404
7856564
7869092
7869096
7926599
7934334
8096945
8250429
849172
8735656
8756310
8859251
7437554
1041032
13667944
13667949
1557294
1557464
1593566
1729261
1732455
2165782
2572448
2655100
2655204
2679807
2826291
2893098
2960579
2961166
2961651
2970549
315160
3463458
3482262
3489164
628401
630838
661197
784773
7928821
8076782
8539313
9080646
2640118
2640132
10224997
10225012
10225013
13667943
13667945
13667946
13667947
13667948
13980531
13980533
13980535
13980536
13980537
13980540
14029549
14029552
1636175
1722096
1725335
2606128
2640156
2640178
2640203
2640242
2640428
2655079
2655117
2655134
2655178
2655184
2655192
2655199
2655202
2655211
2655241
2655267
2660528
2660531
2660545
2660564
2660583
2660613
2685605
2685637
2685659
2685661
2685662
2685702
2685715
2685748
2685750
2685758
2685790
2685815
2685819
2703686
2703714
2703717
2703719
2703720
2703725
2703745
2703778
2738592
2738633
2738665
2738690
2738766
2753523
2753535
2756441
2801592
2801602
2801664
2801842
2801875
2830706
2917201
2929914
2948706
2948834
2949005
2949140
2950517
2950744
2950919
2951139
2960836
2960963
2961120
2961143
316974
3460398
3460402
3468128
3489156
3489159
3489160
3489163
361747
386048
429781
460948
494390
494440
593692
7304699
7650464
7675073
7683878
8008174
8008177
8008179
8008181
8008182
8008183
8008184
8008185
8008186
8008187
8008188
8038694
8310743
8326528
8539165
8539301
8539316
8539386
8749235
8749527
8751922
897082
10232653
10420924
12639501
12998287
1341915
1376655
13896644
14952931
1543688
1639407
2591208
2600449
2648076
2706887
2780909
2849592
2875164
2928943
3458653
3460394
3460395
3473237
3474343
3476485
3476499
3488325
422121
520504
587026
727706
7304689
7410725
7415584
7494397
7494401
7501723
7501740
7565869
7651703
7657597
7895654
7909060
7928790
7967606
8003788
8035144
8198695
8210372
8310875
8737367
8783608
8865617
8906374
898452
9283756
9406711
10213265
10284207
10307065
10307069
10307070
10307071
10358966
10418694
10420986
10529317
1109523
11276655
11302555
1157032
1201805
1204783
1209892
12433072
1247421
12518334
1254979
12871406
12951982
1307867
13738706
13738715
13747128
13765481
13804927
13951745
13984930
1420709
14624033
1557386
1578394
1579669
1634460
1643795
2142046
2152365
2169543
2219629
2544176
2544973
2566447
2571192
2573093
2574236
2601536
2605036
2606673
2613443
2614340
2634938
2642374
2644642
2644710
2647252
2651633
2654683
2655135
2655139
2659332
2666253
2673192
2681601
2684780
2685233
2685949
2690458
2690461
2690535
2692155
2693022
2697268
2702572
2703665
2703776
2704384
2713754
2714162
2714744
2715059
2736315
2736533
2737165
2739752
2744366
2756405
2762078
2762794
2766297
2769082
2772548
2780895
2781559
2782400
2789655
2790449
2792180
2797584
2797707
2811098
2812301
2819634
2834274
2838288
2860572
2876848
2882538
2900030
2942561
2942688
2948685
2948691
2948851
2970328
2971787
314711
316146
3456248
3458614
3460400
3460401
3461000
3462803
3472029
3477123
3484615
3484692
3484998
3485979
3488314
3489245
3491026
422291
422312
422357
429969
449885
460764
520526
5447250
5525887
5570343
563731
622087
652291
714683
7171261
7377494
7384000
7392777
7397325
7404140
7405330
7408296
7422774
7424974
7434274
7435805
7437360
7438343
7443243
7451891
7455387
7478702
7494400
7501716
7501742
7516585
7539109
7542161
7544379
7553194
758859
7657604
7667749
7681409
7794960
7817588
7862110
7906903
7918219
7926594
7928785
7934344
7953379
7957269
7967611
8007705
8007712
8025389
8028103
8042724
8049853
8049912
8049992
8088989
8089045
8094210
8096832
8134586
8139330
8140841
8199405
8199411
8209591
8239227
8248662
8271071
8272136
8274646
8310671
8339287
8343604
8409168
8459528
8541511
8542241
8543353
8723886
8730531
8731550
8735660
8742266
8743023
8743336
8743338
8743340
8773678
8781260
8816947
8829148
8920513
8920555
8931636
9079780
9079821
9143446
9143591
9457291
