1281008
528723
1669098
223901
233076
5888158
307842
1056889
7571335
292875
919219
1724457
213411
246077
10236909
10603687
13926814
13983384
1550400
2616487
3460874
3491954
5489769
7577552
8552745
9682423
270436
236722
2343788
2494979
623892
1492260
2343779
592268
2003075
2838469
921278
838513
1317937
231127
288235
234601
2086523
225933
931923
1196301
2150690
307365
2005705
10236642
1531819
8097767
506859
5478746
7920787
8097759
8097761
831768
8097760
2220554
3490052
7451275
7877173
7975672
805240
8096814
8185257
8270560
8518631
8881703
2144044
1044364
1114813
452475
1478265
2045084
2120282
8882524
7553988
231539
694404
525791
5835891
1430125
1075780
14388389
2182487
548708
2126668
1356135
2046782
2049235
237307
261221
282982
511454
530966
7282227
7303317
7303318
7303319
7303320
7303322
7303325
930271
990733
451498
205624
2062546
217039
1030250
1993127
2041139
2073305
286814
307858
659135
1217147
1492238
2132853
