263494
7279059
1057968
1082422
1103103
233014
1121977
1131108
1172914
1491749
2116702
291890
229703
320296
7288936
1028252
10736434
1329665
1127934
1176092
353700
352989
13902608
638006
1435770
5915356
353040
262503
2128421
309771
353261
7281849
7317698
353161
1074393
2124133
1666101
1504952
2066511
2113569
288245
5962467
7311170
1017470
7320163
11276561
2076243
1178083
1321758
1334312
1362214
1387297
300875
1504996
1608170
2051625
210151
815171
229837
243398
263454
2775811
281136
312015
312491
353116
353445
481022
540273
7274583
7303855
7323023
7340868
7341434
8523344
1371452
1066934
10707760
1279792
1330287
1420107
1424254
1632121
1998932
2003906
2073948
2080059
2118351
2183610
235778
242255
2585766
2824776
468776
2968269
302185
304188
310268
373675
596532
612840
621237
642836
7318577
7320360
856446
8579104
9725453
331719
688954
8182399
10736456
1648444
2129144
562363
7379913
10314134
253176
3456783
7521805
497973
592172
7282272
1165930
7318586
2128376
5879548
5957799
1341915
865470
8882524
308967
13951811
2174978
7305469
1556342
229485
223901
453793
1030228
306372
1967674
1331259
13685745
1389698
209483
2132046
232769
596243
247289
287013
482112
7323015
2053178
1015506
10396952
1056384
10736448
1109775
1168865
1213886
1285923
956176
2113571
227003
298084
484288
730722
762788
14950798
1040229
1056527
1069752
225322
1086633
1101717
7564499
1199213
581136
1254098
1272397
1293878
7321665
1332836
252986
1404756
1436726
7334831
1995825
2065874
2131285
231127
257816
258263
284305
289366
3478365
352965
479520
605159
663305
7302035
7308549
2078232
1695028
1022833
1022910
1056346
1064425
12344882
1538700
297278
2003064
2046750
2049356
205641
467048
2093150
2093158
217336
366644
225796
231830
252467
255216
2585814
269817
2717480
2796095
374715
5529148
607364
609363
7275796
7279023
7314162
7340600
800069
942060
2730729
1028988
12427588
13759313
2207151
1134627
1169119
11278418
1165990
2078116
2078123
2078137
2570759
7318578
7355813
7413123
7574402
1072340
2095491
210190
2613774
339096
378269
413915
680637
7318579
7318580
7318581
7318582
7318583
7318584
7318585
7351658
7352234
7352717
7353911
7354731
7354765
7355242
7355427
7356119
8034963
2785223
262482
313132
2101405
2110815
232688
5896526
5965305
7521800
1084159
1131983
1165862
1158836
1165838
1167292
1167401
14480984
14481168
14481260
14481389
14481458
14841951
2058308
2058330
2058386
2058390
2058392
2058398
2058402
2058438
2061356
2605106
5858647
879223
