263494
1057968
1277888
1575873
7305469
2366981
1082422
1088885
1172914
1248696
2076213
205798
209713
2116702
285827
320296
790532
10505335
1674202
1127934
2041716
1142805
284905
1171046
1175705
217919
1183139
1215607
352989
1305885
1389698
1396886
1435770
1731309
929477
2001138
207804
262503
218397
2124140
2128421
227802
309771
407200
7317698
10553329
1072353
1094293
1125773
1132692
1166814
1244982
1480982
1504952
1659844
261245
206366
241238
328104
875603
5962467
294412
1052619
1056033
7313929
1126723
1163304
1170058
283901
1623957
1285113
1362214
13749741
1412074
1748121
1504996
1596220
205584
7353911
10386571
2117937
225769
225834
229685
234504
236366
274545
281136
286650
325066
380541
402930
433327
540356
7305445
7345094
805619
8523344
1059654
1066934
10707760
1246765
1275163
1279792
2080059
256650
279523
324919
5835170
612840
7300946
9725453
291565
7315700
13757356
1051242
1088890
2115459
255636
2682473
347984
309354
7400545
497973
974937
2128376
217864
269751
974907
2042514
5889648
1121977
1131108
1491749
1556342
229485
291890
223901
453793
1030228
1329665
306372
1967674
1176092
353700
1331259
13685745
638006
5915356
209483
353040
2132046
232769
596243
247289
287013
353261
482112
7279059
7323015
2053178
1015506
10396952
1056384
10736448
1109775
1168865
1213886
1285923
7320396
956176
2968269
2113571
227003
298084
484288
730722
7311170
762788
14950798
1040229
1056527
1069752
225322
1086633
1101717
2076243
7564499
1178083
1199213
581136
1254098
1272397
1293878
7321665
1321758
1332836
252986
1404756
1436726
7334831
1995825
2065874
210151
2131285
231127
257816
258263
263454
284305
289366
308967
3478365
352965
353116
479520
481022
605159
663305
7302035
7308549
7323023
7341434
2078232
1695028
1022833
1022910
1056346
1064425
12344882
1330287
1538700
1420107
297278
1998932
2003064
2046750
2049356
205641
467048
2093150
2093158
217336
366644
225796
231830
252467
255216
2585814
269817
2717480
2796095
373675
374715
5529148
596532
607364
609363
642836
7275796
7279023
7314162
7320360
7340600
800069
8579104
942060
2730729
1028988
12427588
13759313
2207151
1134627
1169119
11278418
1165990
2078116
2078123
2078137
2570759
7318578
7355813
7413123
7574402
1072340
2095491
210190
2613774
339096
378269
413915
680637
7318577
7318579
7318580
7318581
7318582
7318583
7318584
7318585
7318586
7351658
7352234
7352717
7354731
7354765
7355242
7355427
7356119
8034963
996569
2785223
7521805
262482
313132
2101405
2110815
232688
5896526
5965305
7521800
1084159
1131983
1165862
1158836
1165838
1167292
1167401
14480984
14481168
14481260
14481389
14481458
14841951
2058308
2058330
2058386
2058390
2058392
2058398
2058402
2058438
2061356
2605106
5858647
879223
