12999725
10410477
11387422
13896558
7346341
8080814
2756521
10410702
2788694
10245363
2639809
2810863
2702548
1218241
2555603
2702634
2717690
2737198
2743920
2756520
7442138
7965716
10531348
13002357
13008074
2142043
2142048
2605901
7386488
7386501
8030826
8080839
8209453
8573178
9918762
2960910
2667743
2667823
2667834
2667880
2667885
2667914
2667932
2667943
2667956
2667996
2960474
2623167
2756193
2878096
2879324
3470525
3470526
3470527
3470563
3491354
10410479
10410481
10410718
10414062
10414079
10414768
10526721
12984601
12984602
13866388
13866401
13896546
13951826
1414574
2539849
2549817
2555525
2567836
2632849
2681828
2694502
2696517
2698845
2702574
2707947
2708009
2717626
2720226
2721573
2721648
2743846
2752004
2753022
2753034
2755724
2756011
2756400
2773059
2773267
2781850
2785137
2785367
2793997
2893363
2922665
2960977
2967179
2969315
3456100
3456102
3465071
3465077
7967346
8129670
13005396
10259294
12786536
13000075
13008425
13588684
1367981
13896501
14840207
2142051
2731064
3461474
3461481
7377749
7384369
7423827
7573910
8030816
8030829
8073282
8080849
8118896
8209458
8246404
8573191
8717427
9920357
13004975
13964513
2736675
2743454
2743556
6340122
7967337
2756185
2927817
10409726
10409727
10409729
10526603
10526613
10526628
10526661
10526667
10526708
10526761
10526796
10526799
10526878
10527052
10527111
10527160
10527223
10527295
10527461
10527653
10527737
10527851
10528204
10528314
10528617
2608372
2622490
2622494
2622496
2622515
2622531
2622537
2622549
2622561
2622568
2622595
2622634
2622966
2623108
2623111
2623125
2623136
2623144
2623164
2623182
2623183
2623255
2629563
2629592
2629621
2629641
2629657
2629664
2629693
2630124
2639342
2639343
2639356
2639367
2639368
2639388
2639398
2639404
2639418
2639446
2639464
2639486
2639812
2639874
2639889
2639930
2639938
2639948
2639951
2639958
2639964
2639973
2639974
2639984
2639986
2639987
2639988
2640005
2640007
2640013
2640022
2640031
2640033
2640046
2640047
2640056
2640058
2640061
2640077
2640087
2640097
2640102
2640105
2640111
2640113
2640114
2640127
2640131
2640145
2640188
2640219
2640225
2640226
2640257
2640266
2640271
2640299
2640343
2640370
2640389
2640396
2640400
2640409
2640591
2677364
2677380
2677382
2677390
2677394
2677400
2677401
2677414
2677437
2677438
2677449
2677459
2677474
2677480
2677482
2677489
2677497
2677498
2677499
2677500
2677523
2677549
2677550
2677571
2677622
2677623
2677691
2728636
2728643
2728733
2756205
2756267
2756269
2756280
2756309
2756316
2756317
2756334
2756345
2756388
2756403
2756506
2771525
2771532
2771572
2771577
2771590
2771608
2779307
2779447
2779448
2779481
2779509
2779519
2779541
2779598
2779662
2824408
2824484
2824570
2824576
2824597
2824604
2824676
2824680
2824701
2824718
2824759
2824769
2824795
2824829
2824937
2824951
2879312
2879344
2879425
2879492
2879504
2879507
2888167
2889504
2889508
2889569
2889624
2889628
2889634
2889718
2889720
2953604
2954068
2954106
2962349
2962580
2962690
2962787
2962875
2963014
2963610
3470524
3470528
3470530
3470531
3470534
3470535
3470537
3470561
3470562
3470564
3470565
3470566
3470568
3470569
3470570
3470571
3475003
3475004
3475005
3475008
3475010
3475012
3475015
3475016
3475018
3475019
3475021
3475053
3475054
3475055
3475056
3475057
3475058
3475060
3475061
3475072
3475073
3475074
3475075
3475076
3491347
3491349
3491351
3491352
3491355
3491356
3491665
3491666
3491668
3491670
3491671
3491672
3491675
3491677
3491678
3491679
3491681
3491683
3491684
3491685
10410719
10414365
1205446
1239302
13004720
13872004
13968199
13975328
1608191
1679764
3479492
2187650
2187656
2187658
2539805
2578359
2606625
2651517
2657483
2657558
2732515
2732557
2743447
2752941
2760462
2896195
2904848
2904861
2904991
2905702
2951308
3461475
3478784
3478789
3482664
3489240
7386691
7534795
7653172
7659752
7953575
7957577
8093567
8118661
8205720
8310780
8565236
8723876
8749340
9149877
9283904
2961651
10409733
10410480
10410482
10410488
10410653
10410666
10410709
10410712
10410714
10414078
10414097
11387335
11387340
11387348
11387404
11387424
11387525
12268882
12270168
12984530
12984550
12984573
13008959
13126542
13618385
13664190
13866390
13951828
13951833
13951834
13980531
1738014
1772295
2539807
2539809
2539818
2542264
2549804
2555493
2555507
2555640
2560274
2564550
2570031
2574192
2583815
2605089
2608345
2609511
2612289
2625223
2625709
2632497
2632507
2632516
2632555
2632572
2632794
2639111
2639952
2640780
2641165
2642189
2642268
2667946
2667964
2669927
2679064
2686800
2696770
2698738
2698785
2702542
2707315
2707340
2716567
2717625
2717640
2717659
2717715
2717779
2720089
2720113
2721690
2731884
2733389
2743782
2746920
2747536
2748218
2748291
2756376
2756431
2756504
2760480
2773063
2773186
2773229
2774344
2777488
2781864
2785186
2788428
2788949
2789209
2789855
2794855
2795934
2796145
2796256
2810762
2810787
2811261
2814418
2814531
2814576
2814667
2814739
2819610
2819625
2821628
2822038
2823286
2846039
2846149
2888022
2893160
2893229
2893296
2897600
2897644
2919539
2922553
2922789
2923794
2923940
2923962
2946602
2949937
2950918
2951139
2969252
2969254
2970619
3455200
3455206
3456096
3456103
3456104
3456105
3456109
3456110
3462427
3462429
3462430
3462431
3462433
3462985
3463536
3465053
3466146
3466250
3479505
3481998
3482001
3484555
3486713
3486717
395754
7952171
7953578
7961614
8123900
8123914
8123931
8129600
8129762
8129782
8129836
8137581
10412028
10412029
10412037
1455962
1548827
2187380
2731044
3461482
8080840
8193170
8268942
1189840
14870884
875491
10259157
10259334
10268379
10412027
10418616
10651345
11281196
12516367
12833855
12868071
12868795
12947545
12986076
12990922
12991711
12992073
12993245
12999626
13000334
13000903
13001073
13002496
13008247
13008876
13008957
13008960
13588717
13588719
13678618
13896508
13896605
13896629
14707510
1548686
2142045
2142046
2159019
2622610
2643787
2667450
2752875
2802494
2882796
2896206
2904669
2904967
3461480
3461483
3472056
3484562
588309
598736
667252
7384200
7384218
7384230
7384246
7386494
7435895
7490105
7573914
7573919
7573959
7670365
7863386
7926653
7926659
7967441
8030812
8030819
8030821
8030823
8040865
8069843
8069844
8074577
8080808
8118939
8150977
8186079
8197015
8205053
8209456
828416
8421766
8544682
8573182
8573190
8575639
8735564
8743318
9043731
9043747
9043751
9043785
9043806
9043828
9371977
9920364
10412032
7517726
2639516
2960579
2961166
2719915
10329768
10329769
10329770
10329771
10330744
10331178
10331183
10335454
10335479
10344812
10347985
10347986
10347987
10347988
10347989
10347990
10348003
10358025
10358065
10358067
10358154
10358229
10358271
10358313
10358353
10358381
10358456
10358457
10358458
10358459
10358460
10390238
10395951
10397753
10397754
10397756
10397757
10397758
10397759
10397761
10397762
10397763
10397764
10397790
10397823
10397825
10397826
10397828
10397830
10397831
10397832
10397833
10397834
10397836
10397837
10397838
10397839
10397841
10397842
10397843
10397844
10397849
10397850
10397851
10397852
10398011
10398012
10398013
10398047
10398048
10398049
10398051
10398052
10398053
10398054
10398056
10398057
10398059
10398060
10398063
10398064
10398065
10398097
10398205
10398206
10398208
10398209
10398210
10398212
10398216
10398218
10398250
10398408
10398411
10398413
10398418
10398887
10409638
10409639
10409642
10409643
10409644
10409645
10409646
10409647
10409648
10409649
10409650
10409651
10409652
10409653
10409654
10409661
10409662
10409663
10409664
10409665
10409666
10409668
10409669
10409670
10409671
10409672
10409673
10409674
10409675
10409676
10409677
10409678
10409679
10409680
10409681
10409682
10409683
10409684
10409685
10409686
10409687
10409688
10409689
10409690
10409691
10409692
10409716
10409717
10409718
10409719
10409720
10409721
10409722
10409723
10409724
10409725
10409728
10409730
10409731
10409732
10409734
10409735
10409736
10409737
10409738
10409739
10410089
10410091
10410094
10410095
10410478
10410483
10410484
10410485
10410486
10410487
10410489
10410490
10410491
10410492
10410493
10410495
10410496
10410587
10410589
10410591
10410593
10410594
10410595
10410596
10410597
10410598
10410599
10410600
10410601
10410621
10410622
10410623
10410624
10410625
10410626
10410627
10410628
10410629
10410630
10410631
10410632
10410633
10410634
10410635
10410636
10410637
10410638
10410639
10410640
10410642
10410643
10410644
10410645
10410646
10410647
10410648
10410649
10410650
10410654
10410655
10410656
10410657
10410658
