351466
1262598
265898
1250574
2099451
254515
256642
785715
803271
290008
1449893
207737
2121739
1230970
240045
1331259
1362190
498148
1135958
1325190
1353564
292712
938921
1056889
1661362
307842
1065433
1247792
2043337
1312310
914149
939672
996738
291890
302268
1059413
1479072
2064530
2072966
1028646
1057541
13139079
967530
583246
1533430
1416695
2102679
393278
1410617
844678
13138928
2118342
350426
991301
2126014
974156
2121735
7288694
13139228
13138984
13139275
218368
250409
306194
491063
7288851
7288936
7317701
815946
13140016
265842
477563
559581
1056351
1167182
1227825
1241227
2072870
7288779
7300451
992202
2366981
1082422
1220946
1356135
13736172
2078168
590661
677977
1251197
252721
302784
655115
713822
937650
296166
1076239
1140593
1237042
2043341
399629
487913
2005133
223901
1121874
1164638
1282946
2063440
601710
7307056
937400
297430
1026041
298247
1075909
963115
308464
1041209
584771
653943
791352
1671054
623090
662501
905976
1090653
222509
1549581
1565875
1668480
440766
623677
775331
914927
941147
1243915
1628292
1667683
279532
496792
584823
845106
2057854
1088685
1096951
1684700
2093857
592268
515970
957201
959915
991761
1135980
1256615
1629984
1999837
2093861
212305
690529
7353284
935864
432455
1134705
1279147
1347383
1390022
1764925
1987657
2107059
247289
296720
588542
7349614
1043644
1226382
1478683
1680087
2081503
2091395
2464105
2665429
295377
624600
762125
970577
1112628
1317987
1394810
210626
593451
623205
7323140
7348709
938465
1260177
303026
305076
382741
709116
7347834
7355633
931159
1071101
259857
290027
575192
705300
13139680
2064778
1615942
2059925
1159306
426700
5897725
1993571
211174
626338
1475177
2049235
906290
1270267
287008
5949761
811649
934933
1120780
955430
2042112
1442515
1548123
426770
650924
1072353
663325
463390
1530157
2042116
457413
2075341
1609520
2118336
266630
457545
268836
1155630
2078141
1196404
1298129
422365
512552
555129
1057746
2127066
1107080
253833
307150
399170
7348783
291241
1057512
1254349
949408
1099111
1499729
213492
231127
263382
272068
312433
498010
5841285
5846253
610875
8677195
919251
2665433
7320387
804856
990733
903060
935367
13749301
2006038
2089725
306708
504050
1011880
1085534
2131404
231633
267493
284827
347326
7332005
963768
959645
2001554
2177827
284071
1621031
484171
7297288
223892
876335
817111
1074654
1169040
1244801
1351307
515244
1347347
623479
647518
1156357
1629921
936111
2043347
7300453
1283010
13736188
1538612
1620967
2119199
221354
652770
1079691
1769908
1060430
1145151
248839
275376
497542
695651
7354950
812153
989109
2041718
259800
286262
302027
351597
457697
497820
5568263
809157
2131880
530496
530966
549460
7338791
1271549
217683
233438
275098
351526
357852
483285
504627
599578
680361
7300459
905500
1143544
1256152
1438919
1538628
2041356
3010072
423302
7282227
468417
5891731
930271
1639882
212298
631348
236479
279887
7396626
1232424
1274047
2058929
1046326
1396121
1440916
483031
1083800
7320417
7349479
963676
1481912
1088873
771876
932707
967534
1015224
1132558
1605481
1991040
7345429
7351495
2043329
498062
7318874
481833
14478423
2053479
5962682
967499
2049445
280906
288565
1311128
2070430
2075697
1557244
1774805
1249543
14284166
439102
2091662
2094164
13886361
2074870
623290
2125783
2043343
401917
437297
7307509
1615925
2087288
377043
1386888
1069082
7320398
10357832
277666
2121699
580824
1065567
1667727
239267
282982
1219839
307018
7320389
1458476
926222
296205
1125489
1252608
1743559
290342
375463
525527
640226
7304986
7332038
917211
1025266
1997951
10220897
2177073
2539287
274409
647565
7300457
7300465
7316185
8019173
807003
2091382
2043331
1546964
278735
10324502
1991582
277223
12574995
1307932
1581520
2057464
2125950
7339529
254770
638373
1449868
14442838
14557139
2096618
2096622
750946
1270039
1433245
1828566
2000084
260371
281285
10559884
1134541
1214409
1541381
1719448
2062542
288175
489209
5568209
6169811
7315223
7332087
7332096
7434913
8040571
8699637
1282305
7299667
7351297
840579
2080502
2116145
357549
995772
5568214
1538299
297824
1125739
1139288
1158472
2125897
227923
232961
288921
305945
7312453
7322787
7338086
7355276
2044750
959620
2130558
356559
1126281
1217147
1028610
1099365
1133209
1150761
1165156
1215578
13727230
13858557
1444491
2003406
2063967
2112240
2112394
2112453
211861
274989
278247
327480
339933
340662
348175
600880
627556
706986
7298320
7308028
7337971
764261
805208
933606
948932
967918
968053
14403890
2064099
2119278
7320396
2125895
7345359
5835738
1089700
1120077
1458582
14692411
1491164
1590868
1598404
1996053
2041330
2056867
2125944
266874
290138
362704
639962
7311273
805530
1045128
10510308
1104510
1118090
1126799
1145030
1175305
1185508
5837021
1364507
1661702
205595
2112420
2116282
2132433
2169968
225796
244059
246123
248295
255481
256557
264720
278109
278652
279955
284246
284396
298273
301342
303646
309195
311260
314206
351682
351720
356485
356858
385710
590479
595062
595136
608953
653706
707947
718360
7300455
7300467
7348054
743312
806376
842759
848094
856060
8564181
8564295
881104
14279374
695302
1127997
1169091
1293658
1386203
1447685
1474460
205111
2121687
236242
2494965
262872
2827640
297470
351919
5568219
5957186
641716
728124
908504
949670
1061067
687004
908252
977741
2064160
403408
1030250
1121187
1149930
1269664
1603784
1717785
2001774
232885
233690
256962
262780
281165
286895
351266
351400
362664
1616113
613050
7337967
793495
837164
866150
8801133
890425
921278
951611
999824
1066911
1069706
1226358
1298669
14284083
1997625
2002767
2075711
2091057
2121642
218752
221100
226705
231558
256858
279471
281490
293715
301427
315047
454734
467097
5960299
707629
7332794
755039
762139
766746
770330
810275
858205
908510
984578
992148
992168
1024836
1032784
1045490
1058397
1069515
1118641
1128368
1142364
1155775
1274044
1404791
1409551
1423988
1428632
1445706
1465978
1727162
2000815
2064538
214168
216801
262175
274172
284287
337828
356610
386051
393578
417400
498129
507858
511517
5589456
5740486
723841
7320410
765446
825582
894195
930273
962894
1291516
1389201
14474283
1526315
1668657
2086184
2125930
531768
570910
5887613
7328969
760711
8194271
930614
936878
1028237
1033055
10404980
10512739
10555730
1094823
11272373
1162397
1224026
12256146
12427155
1266791
1304009
1365307
13724164
13766609
13855030
13895935
1409513
1409535
1409745
1411132
1413317
1473932
1474020
1480537
1486064
1541764
1560777
1563535
1660676
1723491
1822911
1832604
1967794
1990258
1998451
2006526
2044462
2055993
2064552
2076522
2080498
2081342
2129436
215328
219479
219826
220561
230667
231759
235749
241578
255364
265155
272976
279085
284588
294765
297155
304081
305522
306099
309708
326792
3456400
3460595
391733
417375
471158
536230
5413499
5607872
5842246
5955028
619013
622169
622196
630071
642549
704068
7139228
7288675
7323908
7331977
7332062
7333818
7335028
777487
788782
8305693
8681937
905126
9129755
951609
972927
975535
990312
2063799
2119272
2119273
355837
1273858
1373041
1458263
1716834
1985377
2049163
2090087
2119264
2131578
252039
261987
262351
271039
284740
300871
304826
307717
351159
356437
399406
448765
497458
505631
630201
663197
7320147
7320368
7334936
7342133
7355682
774152
825667
843653
8806653
925823
977545
10221634
1154071
1159239
1395126
1992919
1992923
1992927
1992961
2000066
2116157
2119277
2119279
2125191
2125925
2125934
2128578
10324664
1043214
10494978
1120155
1120213
1146142
1245514
1308901
1528891
1587313
1693686
1737763
2052495
210653
2111496
2123390
2125946
2130560
2130660
216252
221165
222775
226062
230120
235574
236002
236355
237777
240029
240384
247135
257757
262306
269168
269459
273344
278005
281749
286004
287197
293230
295080
