7413502
13844864
2207151
1462408
7146785
1103753
7386676
7384455
769377
649608
844042
1372042
12285514
1663902
211505
10559858
13930987
13139680
1220183
1169888
7384453
7384457
7384459
7384461
7384465
7384467
7384471
7384478
1449893
13744044
283058
8595804
1026041
10510326
305927
267878
1392586
14950798
1584819
7305469
938921
286087
10510069
595456
10421068
5957631
13914247
13914349
2085697
1479072
310004
7472339
10736144
10736188
1091094
11279383
1205691
1314175
2143735
2179591
2682473
341369
3488960
7293986
8226644
8558668
306387
1024227
1009122
2060476
1508950
1604556
10530930
10531348
10531974
1234075
1234118
13817788
13817848
13871927
13871933
13940144
14821094
14821155
3479717
3479725
3479733
7308827
7308828
7308830
7308831
7308832
7308833
7308834
7308835
7308836
7308837
7384450
7384469
7384474
7384476
7422436
7432742
7435407
7438940
7538043
7538047
8823969
8836294
8843653
8866598
8871613
8897653
2066794
2169975
279139
13586932
388144
2100885
252352
1394054
7472329
1104072
10510287
1392708
296767
10287973
5829481
10736148
1103868
1110761
1185022
12338273
13726913
13726932
13726943
2570759
273993
7292591
7308851
7515476
537345
414810
1439349
2341660
1416695
217386
2498009
7471916
1059915
295413
7471942
10047165
10092232
1020300
10214273
10217666
10222660
10253884
10297792
10297817
10305455
10311540
10315287
10358430
10420089
10484652
10485616
1050519
10558236
10559875
10651986
10652205
11280498
11281172
1160803
1226132
12338041
12359574
12512406
1290822
13126143
1355568
1368641
1370878
13764380
1399146
14890911
14892088
14918781
14920985
1575410
1579202
1609759
1634943
1658542
1680331
2177700
2209551
2540001
2545194
2629279
2639809
2644286
2653494
2654673
2699123
2719748
2752394
2752431
2752468
2752486
2762191
2782755
2788888
2810863
2811802
2835524
2849302
2855554
2882193
343264
3486536
3488976
379384
453024
606711
693011
7292788
7294450
7295861
7352685
7371630
7377920
7379997
7386730
7386733
7387686
7401427
7447669
7490137
7499058
7521807
7550742
7651911
7659347
7941182
7989075
7990543
8025785
8107523
8144943
8176473
8197181
8204914
8235642
8239224
8240727
8310829
8543166
8571010
8579839
8582008
8728376
8745869
8768486
8783607
8943968
9052527
9058083
9379109
9640096
216852
7471919
613941
2049229
2498003
2498005
2498007
2498017
962098
1135980
5838751
4770769
10289293
1006402
10420350
10562223
338386
939672
2085700
598161
7945296
1268119
972330
712948
732671
2070793
10736434
1117225
13731606
2103036
224094
240478
3451513
678387
1457443
220713
701576
1387272
452442
769219
276762
236780
10293392
10297790
10440686
10440689
10440696
10442257
10457499
10457504
10603687
10707757
1095998
1098064
1155485
1192424
12338159
1237722
1250069
1284595
1355334
13702521
1372616
13847002
13896501
13968980
14738018
14891455
14899248
1532299
1636244
1729453
1735251
2545202
2570669
2573924
2606478
2613880
2676942
2834464
291103
2972108
3460874
3460881
3469503
3473471
3480878
3491139
3492300
3492407
558894
558930
606841
697034
7292971
7295843
7358440
7403544
7404688
7490408
7521928
790633
7909233
7922923
7990559
8076656
8188177
8742703
8842988
8875171
8884529
9045942
9095835
9134270
9138445
13817584
1792283
365484
1300629
234107
242359
768939
843260
1593819
234165
3455065
1494876
5414329
1390825
1397533
13766563
13890316
1615942
1791276
2107059
5829463
689501
8695123
2123396
12285475
1559023
13588375
237432
2582994
926776
457626
13841404
247668
2498015
832082
1412460
13065396
2498019
967530
2100894
230867
246077
2496519
2498013
260666
6187809
415235
1335238
13743528
13744023
13744903
1723184
228993
2497984
258932
460201
5413463
5949761
730219
730341
8321590
1011573
1032177
2085559
357876
398659
5453546
730280
231968
1030250
1618397
5901634
215352
5829475
7471902
560354
1985248
1414241
289719
1086599
730194
2070947
342423
628378
1404672
282928
692264
255615
261155
715317
7288930
7303841
209225
2113236
407598
1268271
212325
450356
7280638
7472812
839091
10253883
10415220
1219050
2545143
2549629
2618965
2669908
2716010
7489368
7879754
7880695
8187992
1395255
2067348
407516
5453558
894309
9129664
1353341
2083473
224800
1278887
1426904
1827429
7340139
5453544
8697630
1069907
243999
883595
7351112
715651
222305
248014
332717
4409626
452053
5414325
701701
1207639
1337297
265303
359751
7323156
866913
995870
7279810
239238
260685
298597
598276
7276972
7590595
10510014
1062723
1427201
1561243
1614925
216861
239646
248283
266957
279130
285387
293114
332437
5414327
5441445
5835770
607058
649658
230358
256691
256930
259013
2850687
457004
1248876
1353426
2066786
238371
265842
306708
343553
493912
5835850
701649
813267
482847
10212130
1256468
211167
220298
265503
288292
310486
456170
7324526
1829529
1274044
1312018
1377135
1799519
584059
649573
7323419
1119236
2005711
2494403
250146
266074
270306
278416
285598
541044
604313
1239453
1280175
1648635
224129
238144
240789
244209
2665433
306451
454580
5441686
5845126
2113228
11059763
13139837
1609520
1668130
2066780
2113220
214414
217765
240761
2494449
259869
5043287
5837319
7364716
7375288
819751
972517
1003055
10116909
1185508
1255875
1300669
13255520
13586882
1428213
1765060
1827410
1970049
2043341
204848
206976
2093562
2118344
2125944
2133141
219167
228253
229952
238213
238390
244842
247848
2494470
262529
272252
283396
291406
305381
306657
324979
331057
340545
383165
391437
429929
4759723
4759782
4770952
4770954
481487
502381
5070450
537401
5412305
5440927
555332
5833001
5833150
592268
7341749
746209
7503976
784625
790183
791992
817038
846391
1196404
240791
310799
365709
815156
208129
2208021
567187
649705
7302035
7323359
882369
1024184
10291012
1307497
13139900
13744028
1499729
1583910
1764931
204636
205633
210629
214474
229383
253811
5835556
7278794
992202
1364624
11059758
1130620
1665394
2180040
5897439
930367
10309616
1129277
1622237
208218
2083521
236419
243512
247882
255481
280146
295917
521817
938925
1016081
1043214
1096912
1118687
1128785
1256076
1265366
1307932
1312299
1312396
1340961
1436982
1490257
1614892
9150278
1654132
1740172
1750072
204352
2049163
2055993
2078158
2083478
2103690
212381
2128425
238200
243134
244449
246368
251581
260555
264917
286895
294259
320347
320482
332517
359198
384859
434497
4759675
509385
5723809
602322
631039
7280538
813458
829582
8526469
866150
8708597
9193074
921278
937650
980881
10309268
1248772
13740840
1751463
215385
223435
299907
442175
5413475
5413485
5413493
5413499
5413514
5414357
5562143
5579491
5829466
5829470
5829478
5829484
5829490
5842230
1525219
2477706
497850
591256
459236
1061295
1991703
358599
540517
540793
540977
10288292
10431317
10737029
1149028
1350516
1401090
1516447
1798785
2623086
5838488
7282783
741269
254102
343624
452153
226216
914927
940141
2003070
1484202
357114
465574
5414355
1241900
226251
482728
590222
1104866
1593835
259170
7323409
1001110
1318987
262022
2076522
2093863
298102
1055847
1060870
1621031
211759
2123163
357715
7349614
7477713
1560705
223118
482961
484491
1216581
1295915
1299309
14003835
1694944
470614
5453551
5682388
1510379
277911
299051
5957509
5966282
1347347
253973
266984
269376
305963
5414351
906587
908232
1988905
268963
276663
279382
279789
497542
5451618
5839021
5842177
7304284
7928851
8564295
857648
1206733
1207225
1397576
2005705
226016
258993
3490913
357528
358036
408317
5842348
1025107
1034992
1044456
10491955
11060983
1137435
1165232
1165723
1231850
1268516
1274118
1296054
1306544
1306919
1379066
13871644
1460936
1461677
1528891
1972438
2046013
2053166
2086616
2090095
2103697
2113209
2113211
212690
2128576
2169968
2239441
230025
233082
241768
241971
243531
249628
250009
252637
260292
262095
274056
279429
279532
290082
297040
303839
305737
309481
310735
3451231
3466167
347407
369585
406470
425323
437584
446552
452082
545412
551086
553456
5582190
581240
5837546
5842730
5954352
622734
625405
677725
695553
714893
7298094
7347834
