976343
2066774
2498024
769377
560832
5070467
242926
223404
1337314
10510324
222820
309610
526083
395049
7316465
285827
330807
5830696
2494624
1000860
1024227
13801146
10287598
13929448
14715196
7139055
2066794
210549
1392875
10509856
392535
2084651
211505
354330
10510306
1220183
279139
7303681
938921
1267673
1329512
2118057
1026041
1103753
12285514
1265253
1377108
598219
1307311
414915
7316459
10510290
1372042
276544
10510180
10509918
1478894
2494989
1166063
1392586
10510069
814840
1169888
1377176
221917
332405
13132725
13556491
7279415
10510312
1069190
1103789
267878
595456
1409119
1048457
10510326
13139680
244723
13139228
2083484
7319871
11275325
235874
271352
730117
296240
1243527
13665127
234463
264639
286087
305927
280685
5957631
13677475
7472372
10230112
14461852
1055019
1417132
1669098
12285199
9630330
13065373
13743570
10420352
5684074
1793276
207737
293153
1430563
2085493
1009122
10287936
10556112
1299094
379455
7472339
1248819
13766598
7472391
243167
270195
7282467
1160416
2056017
1533430
292875
5451608
227115
1001402
1335210
205796
3471848
818647
844042
1295251
1592359
262593
3470487
1792055
10546881
1387702
343728
388144
526046
5561995
1230970
209483
234165
12273726
1332939
407648
816738
1059413
2169975
252352
10366368
13740833
1392708
1490537
2060476
13066523
2121739
10510160
338615
13744044
337828
7288694
1103641
1104072
324841
7472329
272480
1337276
296767
306387
466058
5453549
2085803
10510091
1508950
2085814
451015
14848895
2654600
292695
889494
928512
10510321
1103868
12284767
242359
1604556
1663902
10510210
10510287
268885
330840
537345
598177
216852
9129668
10288276
1331259
2003014
4709300
498148
5444607
5608958
10525914
1126449
235517
1292048
13756920
1471944
2087951
245423
334180
689552
208674
273993
292748
345790
5440931
13766547
311580
340550
7472346
7589352
5829481
10510236
229630
270436
10288248
345296
217386
245231
5069784
565567
2132820
2494973
7471916
7945296
307850
1247792
2341660
4770958
961320
607250
13586936
13677494
2070237
292712
10291107
537383
13124755
1362526
1416695
2078168
248892
271446
13138928
207652
250280
264792
295413
5836508
5974528
613941
7472411
8322233
282928
1207053
1754563
2085485
245084
7316460
1395255
692264
7471894
7471942
1059915
2496526
2496530
5836399
5844657
787033
3458951
2047056
2494979
300382
1723184
383165
13066503
13758614
232769
379425
2498009
299256
313120
7678710
937400
10510014
243999
10546883
1090653
12273606
2064029
211571
233111
518715
12753599
1397533
2498007
285575
5412885
732671
1160112
1355551
288436
3455065
398565
5838751
1268119
237474
5835790
10287791
1723247
2047054
241902
962098
1167148
300804
304367
689501
810146
972330
1208063
2002862
281061
2496522
277207
613407
712948
768939
1011573
10358343
10513647
14709032
14895197
14895199
14952935
237950
310068
3477445
3481571
414470
6382826
7165224
7165757
769221
1494876
219294
2342867
291103
334249
961350
2066780
230624
258500
11021266
1300695
1496008
3535535
477563
713822
1062723
8695123
2047051
227497
2582994
291172
842681
1457443
2064778
218087
769219
843109
1003267
1070831
5722882
13902582
1445206
1451928
14921721
14959264
1555738
2047078
2073779
2149516
2494746
290466
334014
3451498
3451513
5902819
598330
666442
7280185
8127210
9138435
1055770
2072966
400870
421683
628297
972128
736044
604313
1079264
1792283
234107
1627404
1519954
291347
10525856
1060250
1091284
1282688
1335238
1390825
2058109
220713
236780
297691
604298
8867095
7317572
1049293
13890316
2058121
2494983
204816
450356
5829466
1241435
13743450
1471458
237432
7280636
843260
920304
769145
292114
5837534
701576
297349
1005647
10287973
1230873
1648631
2058107
5414339
5441688
1040834
1422954
2058117
13065396
13139079
283315
7276963
12285475
223919
279984
307345
386615
5568639
7280633
222305
13744039
1490314
1490504
1494103
232144
255364
412851
5833116
813188
1552256
265543
1387743
1009777
212305
231968
237223
5829487
1486172
13766563
259161
5451626
620517
9630832
2102679
283246
13748073
489659
1207095
1268271
2107059
247668
2494433
2494611
267067
270749
332717
414187
518681
5413469
5568633
730722
1255022
246077
2496519
285172
7279693
10510303
5901634
920557
1414241
1601896
1615942
260666
432666
460201
730280
893770
12284949
1475177
2059925
2081503
2132433
252659
5414371
5838997
5453547
1404791
1465037
1552273
209225
426700
5453546
5563731
8865388
1028646
211174
230867
258932
592271
6187809
811649
9069835
953307
1356961
1404672
256263
261155
264337
339104
359189
502633
5607079
607058
489492
10354903
10404980
13758404
1824107
1827429
2058115
2087712
2113243
227237
255551
7590170
955407
10288073
1046492
10512783
1054126
1064012
1973068
2498015
7353653
259157
278022
793520
10237132
1039498
1651603
216861
243319
306808
311019
414846
452442
730219
13743528
614039
967530
1323128
1552158
223806
257816
505762
7534822
769003
919810
511495
13065450
1335685
1338470
206366
212325
219478
242343
302268
398659
547368
9129664
13926870
1414574
14930748
1739752
267673
273616
3470629
3481935
366351
691086
7453570
8003721
1970060
1985248
227003
379404
379526
5837171
5838518
696974
1032177
1101088
13138984
2498001
272554
281452
299465
7350486
743613
8022396
1147610
1159540
1559023
209538
214743
2169966
228993
266299
279182
2850687
293918
3557974
560556
649525
1093348
1248876
230407
239733
255615
255971
291474
325284
343518
393278
457626
844678
1002546
1201094
1426904
1714448
2066786
2113236
211940
231283
235969
238144
255319
256147
359151
479072
5453554
5845126
641045
7278645
1031485
1033656
10396952
10415768
10510315
10525852
10559858
1065791
1208640
1209358
1308432
1332076
1332198
1375598
1419440
2047001
205988
2100911
2101383
2113573
2127368
224173
226714
235908
242514
2488081
256687
278512
375733
5440941
5664950
5888096
5963227
7273705
7384455
8182399
948519
1013878
959645
1072724
1080237
1340534
1344280
1387683
1539743
1604524
213507
278763
287380
505808
5414325
560354
7383130
970832
1397576
1372864
205329
205967
269661
271496
272252
285598
294711
301629
306548
324394
452053
5440929
598276
641433
698728
7280638
7477743
889343
973909
1207639
1280175
1297250
1648726
206080
238716
2496325
258191
302857
3456413
447050
686764
7278881
7317701
10212130
1155749
1183015
1537449
1729128
2113220
256691
261039
266074
701701
7280645
7590595
8742161
951022
971670
1069907
13140016
1351507
1485889
1614925
1624398
1739069
2067348
223402
1006429
262139
283396
287254
296750
305569
399046
405774
560601
715237
7997473
942081
960076
1060989
1068641
1119236
13744028
13744049
13902500
1498010
1527632
1561243
1600905
2083473
252815
289557
298005
358599
5453560
609839
628378
640894
7303841
7316323
7324524
7472812
845951
924437
10526001
1119225
1171155
1282077
1398153
1429061
1448590
1648681
1970057
2066772
236989
238275
240556
296038
298683
3475665
509607
510871
7279810
7576307
874769
964480
468722
1009116
1129277
1509350
206712
2118342
229837
277344
306194
343553
365531
407598
454523
457004
493912
540018
5562143
7324526
893349
1341404
2180040
2180049
219167
225664
254347
255481
256127
289135
290570
325069
325428
331477
365171
404129
4409626
5453544
693845
746209
816307
922445
962559
995870
1009909
10308670
1068322
1215209
1251968
1279443
1297208
1377135
1558967
1762054
2070024
211167
2113216
230358
237351
238746
239238
240345
240791
260685
265358
275919
283053
303338
358187
395459
474199
4770952
579598
5837319
5974497
7276968
7303873
1013380
10491660
1104510
11053888
1250829
13139775
1412460
1492260
1554225
1668130
1752224
209246
2105651
2118336
2494603
2494961
256862
280481
293114
311479
324979
358669
359115
359751
421949
425121
432455
481487
529457
7303847
7323156
813486
882692
1318987
1103949
1158134
1353426
1614854
2045086
2056009
208218
2103674
2115463
219264
227316
231112
235758
