10358445
222678
2497981
331719
262593
269661
13801146
769377
13740833
2129009
3465077
13989995
267673
3451235
1174400
12273726
13929448
1471944
7280635
7280647
946215
406042
2118076
2118086
213411
331656
331822
5949761
976343
1472207
2156315
234463
264374
267690
615750
3477433
13848181
2100269
7271730
1555738
10358366
11272336
1192589
1297208
1297250
13740840
13750315
13765838
13773903
13848166
1405202
1405216
1405316
1449066
1827410
1827429
2118072
2118082
2118088
2118505
241719
264966
297703
307618
307850
3465071
384859
440091
440106
440199
443213
443329
469305
555826
5849008
5849010
5849024
590470
5974550
605665
605692
605776
605975
606000
614386
621003
621106
659282
698777
717643
7178734
7275832
7278090
7353514
745914
911417
13756920
5958550
1149563
14715196
14733131
239132
4770714
890663
7652439
10558909
12313543
1387272
14940115
1737110
209257
2494971
715872
820393
889494
14826680
14930748
3491959
10358267
10358377
10358444
10358446
10358448
10389401
10488455
11032643
11053681
11272402
1239800
1297234
1297287
1312061
1353341
13848173
13938056
13938175
1397576
13989997
13990018
13990021
13990031
13990035
13990039
13990048
1404602
1428379
1432738
14866909
1537303
1556879
1626737
1734053
1827421
1827437
2068388
2074642
2074646
2074655
2074661
2086612
2086614
2086622
2100239
2100245
2100254
2100266
2118503
2120865
2120869
215001
228361
232707
232880
240699
2477088
2540304
256236
258196
258474
2603888
2603897
2603926
2669977
271923
276141
277131
281037
283493
285518
290407
293861
297223
331632
3451231
3451237
3451241
3461476
3465083
348843
384845
406224
443312
443369
469599
469651
533635
533737
550602
5553513
5556386
555760
5719386
5722450
5722452
5722460
5842450
5849026
5849042
588359
595169
605587
605642
605722
605931
621079
7177548
7178521
7179273
7275829
7278540
745998
798947
871261
874849
921706
970212
1374937
14865958
1764925
288760
7164869
7271739
7303681
9529842
1174472
5963228
2070793
10736434
1414574
12313539
1320602
13894386
13972081
1615816
1615898
2497978
258573
272680
2730729
332601
3491952
560556
7474983
9529520
389105
7475097
814840
12271132
278512
330807
3461808
7384455
8289512
663563
14958764
943306
1256332
3465085
692845
1075909
1278887
1404584
1598325
2110805
2207425
324009
338879
505753
529376
605499
1044213
10513647
10599428
11059751
11279507
12327292
13922427
14913595
14913611
2067467
264337
291949
308482
3470641
3481261
482883
5409333
565567
584059
618905
7169929
7170816
7176636
7176728
7282249
7384467
7475145
871509
1067334
1010839
1181211
1208550
12308850
13685350
13744909
1421016
1595239
1670438
1990868
2082826
688954
2488564
451086
528899
10541364
12313534
1350516
14869227
1985452
1101717
7340377
10357938
10357944
10358177
10395411
10490145
1128007
12776600
1295271
13846995
13926870
1433446
14744950
2074650
2613830
2720947
273471
296131
338172
3458330
3458951
3481935
385050
432365
476451
5553503
708634
7280625
7453570
8003718
8764314
1174149
11824873
1209358
1212942
12255619
1375598
13902625
260474
274479
539726
5687108
517163
5849016
7307129
7650847
1008246
10298082
10306989
1037709
1066728
1067712
10736456
1117041
1154713
12313528
12414809
12440249
1269986
13870742
1387743
13891908
13919167
13989891
1401090
1481490
14921101
1519916
1613446
2969255
266269
2044263
2050663
2054274
2059914
206132
2062744
2074775
2074777
2084540
2118078
2178520
238200
242986
245044
255736
2710415
276237
2807921
331784
3486094
3489315
365978
383373
386506
431964
4759740
4759759
497598
539449
554336
5901521
699983
7280646
8884267
943521
962158
10306987
10311506
10358150
213246
1098064
1158751
1168853
12357142
1308094
13612279
1384856
13990011
1464550
14729992
1753486
2085571
2089698
2103111
2122593
2127096
2164235
2168116
2183610
2228624
224269
234851
241887
254136
2569882
371097
2802494
280271
2814251
2817516
2839066
2882796
2888402
2899814
294655
2966345
3477431
3477439
3486140
368490
407163
434456
464367
485142
551498
5575888
558371
5583949
562363
5837557
5895430
5949920
5960073
6169592
667607
678460
7273459
7294416
7303318
7317695
749913
7680788
7918037
799048
803866
8579884
8730254
9368738
9379111
940362
979509
995486
3483356
533838
932897
938584
10358025
10358067
10358459
10390238
10549652
11053663
11053665
11053670
11053689
1740144
2086599
476468
476514
476544
476645
580276
580295
580320
610876
610887
7280624
7280626
7280631
7280636
7280643
750502
1598211
5571094
10557505
1340342
1973091
429073
7380253
13914241
13967989
14419544
14458283
14496972
14592665
1529027
1549374
1767251
1782045
1808388
2064453
2064459
2091706
2118065
2899915
318648
347022
425329
517236
5545919
5549059
5571232
5578695
5678112
8044580
1111129
10358065
10358362
1129496
1172012
13613035
13912542
1482574
261467
2619171
281365
2888480
3482200
7282266
938969
317202
1048536
12279114
1401087
1424584
1424789
1431627
1450953
1463198
1465892
1499701
1527129
1609450
1647732
1648404
1648466
1648558
1823365
2040552
2118055
2120562
2122261
2126187
2126192
2195496
280956
2863126
380704
409327
449474
479804
505721
5838157
5838671
588856
588894
588978
5892230
5907122
5918670
5952001
5953153
5956026
5957478
5961910
5965336
5966758
655714
688447
706506
7651428
8543222
