10220023
10247607
10272375
12947574
13845348
2550681
2644504
2770267
7295449
8278169
8398047
8486146
8525769
8562521
8779119
8837149
511495
10087687
10236315
12871415
2851906
451253
7874932
7915385
8119785
8219794
8235537
10054150
10282166
10297791
10559979
10561786
10707765
1252532
13891767
1476072
14892028
1509971
1624581
2153985
2211165
2540852
2573510
2573772
2653632
2695112
2725267
2754573
2813941
2842499
2855155
313645
3465988
3469450
442804
7294233
7357581
7388910
7389881
7412282
7456436
7541216
7546760
7546797
7546817
7546892
7546893
7749371
7874947
7956724
7993403
8039709
8048992
8119675
8119795
8139498
8209590
8268293
8543522
8697349
8974230
9422944
269254
253410
256263
231283
459414
10258849
13733413
14738008
7357573
7424320
7683540
8045779
8107933
8122718
8524590
8581067
8581071
843109
216975
283401
15521518
15521533
15521543
15521721
15521735
15521767
15521871
15521921
15521949
16061604
16061717
21889702
21890016
16061652
21819351
21889397
21889909
21890179
21890276
2057237
1014084
1298332
1307047
295517
13988775
14880620
2132035
2057229
2064450
218319
243295
245943
264893
265722
286949
288754
7275266
7300103
759233
998646
10050737
10105559
1010639
10215770
10218260
10226052
10226053
10236287
10258960
10283672
10291860
10298188
10315800
10348962
10413473
10418311
10538534
10556882
10559854
10561797
10561798
10651310
10651400
10736682
1089247
1167846
1184559
1217625
1226226
1231234
12412558
12512451
12637578
1318597
1342782
1349113
13673610
13741181
13809190
13878325
13904220
1416520
1612953
1637508
1642357
1720687
1734211
1734917
1973273
2137652
2155037
2175235
2542737
2547082
2578543
2604873
2637068
2654379
2655086
2744644
2745903
2753499
2782686
2797485
2804234
2915084
2936269
2943877
2946565
2969347
3484585
3491171
406216
411517
441275
505113
5511938
5511942
560267
5952329
613765
7294028
7295508
7348797
7349298
7349302
7349359
7350724
7351290
7359078
7379823
7383929
7386742
7392348
7405465
7413693
7431146
7450848
7477785
7478456
7517581
7521802
7534148
7537643
7539127
7546895
7550826
7550827
7550920
756036
7570393
7573872
7573981
8003689
8005702
8006205
8009902
8022471
8031656
8031660
8031662
8031664
8031666
8031667
8031669
8035148
8043831
8125701
8178490
8187522
8214417
8219895
8222684
8223737
8233523
8237131
8310854
8348795
8482624
8539151
8552745
8770156
8790817
8829147
8836092
8858122
8866910
9043828
9654663
9864910
288245
511408
1003381
3557974
1625352
1653985
511362
7282197
343728
1344095
1436108
1299255
1396561
10510236
2091649
14027716
1604556
511779
1247585
5838595
511703
665216
1445040
242936
253628
281061
5451578
5414353
292114
307345
1064066
1074588
1204044
276996
8019126
1981834
2085803
2486841
264342
500365
502712
1570345
9073440
961306
970832
1340515
223630
241166
962175
10308670
1036301
1129277
1653641
2064160
473199
1530515
276611
394127
401917
622871
817111
819751
905159
922445
2494331
7870518
866724
218384
511762
7313446
5451638
5836199
7508590
8519851
1107465
11387120
2205077
1395104
1602660
2045269
7325728
2064394
2488253
294052
3491940
465761
515970
7278060
7433288
7553988
7999162
8743469
8758843
9080178
9876491
10995527
2077502
958974
465867
2062534
511347
511669
953132
237777
2127622
2150702
5739051
1037944
10390701
1071797
1086423
1128599
2085811
13613854
13769743
13779215
1440167
2055095
206294
2083677
2085806
2085818
2085820
222435
227479
238463
241398
249000
2588329
278472
464367
523366
5684957
5836374
5966384
7389017
611372
8020177
1299306
249133
2589533
275339
3492142
433042
511808
1520789
230402
267662
7348274
1030250
1107073
1124645
1183201
242275
310835
3458094
441576
511454
511732
931923
1270049
1376160
1997715
2064360
2085822
2094933
1035682
1087468
2150688
1278644
1823976
205131
2117917
560377
692096
932870
1361282
261908
579636
1372848
2059629
234733
1462138
886611
1525534
2005873
218005
1530299
7288798
1028415
1063786
1078399
13665682
1991036
10259933
10259936
10288847
1050628
1279864
1316466
1515239
1572486
2082911
2118917
2129119
2153877
222941
226056
266692
267581
278184
284725
290872
293540
299343
305200
444718
5451604
5527294
5835977
585792
592861
7303321
7315034
7327826
7548133
8297293
8297294
978024
987428
1018751
1442535
1800456
2001356
1243173
1432350
1583369
1602836
1665182
1994645
262043
288146
297512
332971
398591
5687108
8448146
1300505
1439410
1561982
1593202
234252
1708695
2083500
282669
446889
626646
792622
1220613
13784178
1117335
1179000
1197381
1313857
2052647
224346
228705
489502
791992
836585
874574
8862262
1361724
1995992
5451573
5675336
596866
7303836
9684721
8246829
10298159
2005482
1221119
1265401
13749301
1444935
1445007
1445030
1445051
1445103
1449725
1449744
1449762
1785838
1973003
2115728
262617
268909
313434
397996
7530361
1003552
10259901
1026836
1027467
10357193
1055847
1057551
272409
1092343
1092700
1112132
1112508
1112604
1117735
1140674
1142143
1218872
1253392
12638345
1278788
1309015
1310322
1318659
1325120
1352329
13668150
13786558
1379718
1409745
14383425
14391082
14438617
14651134
1569284
1584636
1620948
1624571
1683760
1712882
1743559
1773253
1970287
1970293
458078
1999130
2042899
2042903
2044467
2046058
2056271
206441
2093869
2113213
2115122
2123486
2125923
2184348
2200487
222430
230054
2341653
238375
256516
261677
261966
274670
279985
2817547
291440
301766
311309
312354
317120
324419
341559
3460225
3490050
351682
3564279
399538
481372
489209
5442776
595058
689587
7274557
7314644
7319207
7343377
7353653
809162
840184
8459715
847496
8553844
858202
9073194
955804
965019
969885
980881
