392535
233076
1409119
1055019
7279415
252659
440660
974156
10510210
5910877
5836508
1822571
3464148
414187
13741177
324394
1496008
2196670
13066503
233111
271446
1355551
1248245
1282688
265842
1792283
412851
2059627
1397533
1593819
2760528
10219333
305182
538983
1595239
291249
782195
844678
307345
926776
2131578
7534189
310898
1009777
1503510
6187809
3466305
425121
609068
1526015
247668
1364624
1498010
12284316
1392192
1762054
294610
454523
1309519
1361827
10526001
1312194
241992
282779
4770950
5409333
5837340
5838829
591256
240345
305556
479094
906290
10076586
2915027
8182399
10215787
1995749
2067348
2100894
2107027
5070364
3471841
10245528
15306046
2603281
2641655
1060989
1183015
1537449
1668130
2116169
2128147
248283
649573
678703
277344
906153
7276960
903060
1016588
1124617
1265366
1305686
1312299
1312396
1519980
2002862
206108
2120237
451064
649636
7288930
7303667
7320404
7475543
8818791
1522814
2182501
549529
4759675
4759702
4759723
4759740
4759759
4759782
4759805
4759845
1629921
293828
590222
1296241
1014191
205041
2076901
959645
1039818
1064066
11274800
1134115
2107047
7288851
955770
1459369
2062510
10268581
1133397
2064360
274973
450263
701559
244591
289488
7341749
1002417
2095217
263916
2589537
1096912
1122833
209630
282429
838741
972415
10230853
1039652
1168792
1339063
1363598
1387351
1510379
1544586
1548023
1792902
1986357
2182503
257506
5837550
7323409
7352093
7518728
8052457
8370183
8518160
1069304
5833763
1193424
1470761
309752
5835891
1347620
324325
961306
1018392
288059
1347347
440766
649982
291078
1055666
2001972
638086
7291105
7437557
8251671
1475349
2069529
328486
7353284
1466151
1973003
257190
6173010
2187305
324596
412905
1245712
1265341
1267142
1286954
1311968
1484837
1484903
1484945
1484988
1485073
1988857
2091294
2091296
212436
237557
254669
2746845
276806
279544
290184
306826
3471856
3474615
414084
434413
450390
470143
470221
470614
546080
607877
737152
784461
7922845
825820
826096
8811919
941259
9650314
295127
8519851
897303
2046762
2073297
1708695
1209926
914255
914301
227310
296720
5568219
957257
1450449
1450489
312244
689902
810418
915074
1524097
2060440
599063
877396
965622
976004
992430
10268576
228705
3464720
525791
711726
1096951
1580184
1690781
2550201
10258250
13743769
508917
7548938
8179017
8730672
530078
5958486
1631482
14667063
14667683
1603970
1131134
2158412
258674
436613
5451573
14557139
371565
208805
2170476
10298153
1051901
1136345
1370838
1455434
1484792
254742
2891805
379097
447189
462012
513247
529460
752578
7928362
853959
1272106
2103798
2125145
292409
7554002
8747791
8822399
995772
893866
294462
1193705
7562195
7990140
1247715
2058612
2063967
2112858
2133162
3489257
771792
8186052
8324526
8590853
13056269
2076042
2200487
5684972
3488291
2093568
460409
7925246
14611495
923877
14550445
392720
1137473
459552
7336648
1683760
2661557
788044
1072533
1158615
1244792
1343902
1970337
1987210
216801
232580
392845
5043287
930379
1432801
2087348
5578893
5578899
5578903
5578907
5578913
5578920
5578926
581863
7311253
7887656
7887664
7887687
7887692
7887695
2157478
7925002
8267189
1090181
1202238
1245058
14610698
13139275
13952754
1970331
2136885
2637597
5897276
2064107
265410
10291598
2602945
5547119
5547124
5547144
2046267
2631509
1124874
2115461
237450
265715
570542
809157
8893140
8899552
2085326
398407
1012689
1079598
1195145
1241893
1291157
1078399
1124609
1271549
2072370
224281
265521
279085
282669
296369
304027
3481045
5897725
7374512
938496
10562761
1970340
2498084
282905
301427
413895
5043171
5414911
622149
624559
647307
935287
936878
669893
1997882
226130
457697
5835088
7364529
8572459
8903549
916394
1372086
417341
2091649
295517
7301282
812631
1122107
1365029
1397502
1642885
1731921
2087375
2107044
214111
215031
2191166
2691631
412531
420607
420655
420672
420709
578764
7320147
7326146
1044273
1071339
1092786
1256615
1290819
1387566
1562278
239152
424890
438739
5837546
1591328
5955175
651009
1045490
1057512
2078143
219424
3471405
3482323
923081
10510227
1619507
2107229
242936
2486841
303320
416815
435533
657431
7364517
7364522
7364557
7364563
1063786
1300505
1432350
1583369
234252
1823976
1991036
218452
269766
288146
297512
332971
446889
560377
7320709
7339978
8305869
951567
2085004
2085011
1069839
1092802
1110259
1201486
1623280
2041131
2041133
2041139
2041141
2041143
2041145
2041147
2093560
2116293
2117947
2550687
479157
613050
769045
769099
769307
9129682
1044761
385375
1065031
1111877
1214527
1421797
1572486
1629497
1716834
209569
2119036
258870
338474
473199
7549742
853596
999880
1278644
2055529
692096
1245625
1415422
1434181
1445040
1468357
1476771
1477528
1575989
1604493
2064786
2107192
211161
2117917
263422
274670
424077
435499
504050
622537
1050628
2120285
5442514
1012982
1112027
1282305
1502927
1993392
2059407
2059409
2059411
2059413
2059415
2059417
2059419
227038
230402
235830
237711
238627
241563
253714
283309
292653
294638
297550
302183
307570
417506
420977
465179
468324
483285
498885
549460
5955190
596666
607364
621578
7303168
7303172
8242693
8605117
897775
908876
930441
930562
930633
931772
962400
1353309
14391082
2064480
2079673
7554001
8556148
995998
393028
9684721
1328481
2116052
2119195
1001759
1104111
1147644
1167979
1176150
1183918
1191819
1196600
1284301
1308217
1313275
1318864
1325028
1330647
1479652
1538963
1562695
1790297
2116122
2132888
2150702
2169970
2182485
2189454
248161
2573190
3465771
541812
5568253
5836497
5947858
595645
600850
6169807
7281130
7296652
749037
8004257
837321
8520661
8552714
9072802
9072912
9073082
9073184
9153292
2062712
236710
3467108
8516450
1149537
1262126
1350886
308078
391779
392055
1227161
1003807
1010843
10220867
1037641
1040049
10404950
10467346
10494899
10510193
1054371
1057230
1062900
1072057
1072765
1076239
1081904
1103694
1108831
1122388
1147613
1149022
1157020
1165723
1176136
12283705
12313317
12327332
1234634
1250801
12638688
12756772
1303064
1341501
1351472
1361282
1362214
1369427
1373041
1396353
1410539
1436292
1445140
1455098
14598109
1465978
1467198
1492281
1515738
1519892
1537393
1565129
1570242
1577885
1598253
1600828
1603077
1607460
1618584
1627072
1630632
1993416
1993657
1994022
1996624
1998426
2001774
2040695
2042150
2048522
2053460
2055053
2064552
2064792
2064968
2070230
207305
210461
2107073
2116066
2150690
215291
222764
223052
223630
224156
227479
229571
234096
235467
237218
238665
238751
247557
248549
2486004
249396
253875
256189
256845
2572287
2577929
257977
268959
271306
2721528
272870
275861
278193
283523
283652
2838469
284090
287656
287682
291440
294052
294509
294540
294896
297165
301459
301474
304376
306018
307365
307858
308506
308881
309085
310065
310195
311628
312446
338289
343754
3464730
353612
359143
376430
386548
397464
400847
428839
443844
476651
476771
478532
480919
502712
512052
5447035
5451634
5609022
5836977
5838001
585533
5892300
591175
592268
595136
595180
701678
701735
709142
7281462
7296657
7296781
7320387
7325639
7386148
7437870
7477753
753150
755877
760361
7651295
771876
774943
806934
810454
811852
8194188
837550
864689
881225
882369
8843791
892329
893046
903576
905500
908211
914349
9147666
9147679
920246
922228
928625
946724
953655
958274
9683279
1063780
1101912
1123528
1128455
1131816
1176105
1176197
1176226
1176271
1176311
1267097
1297359
1310493
1322851
1359892
1383936
14397450
14491645
1529225
1695876
1699278
2040404
2053103
2070434
2094231
2097194
2097197
2110547
2114985
2116058
211968
2121572
2124235
2130190
2495309
2788406
280618
288696
3457713
458961
514624
5497756
5568209
591114
712608
7273870
8044800
8172823
8194181
8203492
8324527
9684134
980732
