207870
1005647
1583492
1372042
297430
5837361
1076239
487913
1341441
1479072
249325
790925
1305885
1430125
438598
1243527
272505
953307
889494
247668
307345
9630832
1972422
306939
7274555
2046420
248482
7348274
407516
10526001
7323156
1972442
1470493
439972
300048
1296241
227040
426700
1419371
838741
1451920
2912488
294610
1080207
5738973
1641942
297416
337116
413000
482883
294547
2047159
392317
250884
291949
306723
312631
2119219
845951
1241900
2196648
2488266
7330459
1416440
1156864
2122689
1972430
961306
1999927
330244
1470464
1972436
401201
599099
228054
1480874
259514
454463
5415406
678512
7132937
810086
877396
915911
10440583
2060327
222305
253569
406042
592400
615784
626235
7337665
7340517
7341324
7341897
762512
769145
981860
602531
8092331
8394443
1490278
2067170
2131180
233927
254271
474256
2196834
2063442
1051892
1972424
445897
1972434
958974
252310
444074
1234242
1226667
1776224
272016
409859
654624
695859
695946
695988
836030
1570302
1972814
2076243
259263
270972
440027
488897
1075057
7868296
260933
2046422
2046443
262979
5695163
1392410
2122691
1185267
1394434
7279814
2246584
727572
883965
1011669
1149692
816852
846894
923877
994811
14402839
8570858
2125995
2170713
3488367
634919
14332211
7548125
885557
1438371
1995903
230232
9726682
2092134
1245597
1282029
301866
963851
1392413
2054323
932925
933461
450011
7273868
7312847
7658269
7319095
1004385
5415407
1339281
1972438
837349
1032242
10434066
1228205
2047086
2047167
2076226
2133001
2191142
255160
308482
392551
392645
607477
640923
727976
7321493
732478
7549633
7868293
846037
875837
8852319
903754
2092169
1005419
2049968
236491
285922
306233
3464727
605642
605776
7548128
7928852
8116965
1004080
2090097
1256332
1273623
1467109
1570260
204384
2076234
208569
221673
242575
242986
245423
248844
293697
334180
7280874
7344703
8058224
286813
473469
1068878
1085443
1154135
1220068
1357564
1415243
1488577
1787453
2046424
2046946
2090568
2090583
2090633
2103686
287013
290233
3458353
3458360
3486157
529949
596243
602631
610643
627048
679968
704741
751769
7868292
800649
992956
1246072
1246200
1442515
2110050
2208938
254287
468937
594604
594698
671985
711042
758572
9143502
927649
958741
651808
2111282
715872
762298
7658976
9650318
1530515
5541441
845204
251246
285507
751990
876318
2129132
1390797
1490257
1490350
1490377
1490468
204269
208450
2091312
226615
240523
246562
302753
741196
7868299
10562761
1074207
1241227
1486203
1597702
2071258
212293
2126014
2128150
213534
222297
233257
263727
286555
292006
5541451
662699
7300724
7350462
831264
993087
1030639
14656884
1276455
1458903
222665
245044
276100
297322
351466
352801
461557
641003
691086
7300733
919219
2066204
1228893
1315039
1361801
1595641
2047080
222940
453034
504050
8035133
1011516
10308059
1392919
1563928
1972420
2115303
2132774
223432
294463
299426
384620
595136
7307933
972591
2125883
266519
284827
452366
452408
452554
452637
13608415
2050256
3482628
8060762
1122572
1466161
221253
226812
232578
254515
279439
288281
300630
593451
625118
791192
837946
928763
2062362
775031
13992137
292916
304027
2125903
2126026
2126033
2126035
1467614
1470393
1972426
1972428
2076101
210064
308092
228016
241733
245208
253589
3475661
3475667
434983
474948
553989
613975
621079
624261
771282
7916115
14483112
2120401
1031104
10493707
1404618
1622639
204240
2721528
318895
555551
2046324
1236460
1538820
227625
3470514
667976
2127291
221848
243348
1728044
1972440
1995713
1999000
5415403
5415410
5415415
1571302
13740977
2127309
298400
668793
1122833
1214527
1238527
13611402
1369427
1470346
1470442
1470511
1757909
2064360
257844
267662
357549
5415398
5415401
5415411
5415413
5545052
7275979
965622
1299194
1357807
1452432
1548969
447251
1142136
2046415
250659
264583
252986
306001
308270
7282249
1119661
2050258
288867
841120
869545
1482961
2050260
8262535
946773
1262061
2129136
271333
693143
820393
968123
971932
