2083484
2085803
892329
2804330
5830696
2085820
1533430
10214912
13065373
1169888
1202301
2085809
14958527
2085806
10230112
1371452
13905016
13915003
14743299
19747138
1575873
2104023
1185228
5683921
1208550
8595804
7316463
2085697
1207053
2085485
2085493
2043337
2084651
2085700
10546881
10551729
1055835
1057968
1250398
13622373
13622400
13741949
13758601
14889546
2070928
2085479
209713
239132
245423
2494519
5676639
5948116
8869256
907397
2085814
1121408
13124755
7288750
463390
7432895
1307049
2542658
2542676
7382780
13758614
1377108
13766547
10562780
211505
10525997
5889566
1237767
787033
404129
448473
5835790
5069784
2085559
2603459
7318365
598219
392535
2082944
2091249
223404
8842176
10546883
10546891
10551724
1168244
1371331
13758409
14850815
14874350
2040443
2053889
2082826
2085482
2092574
212170
334180
442474
467875
558622
5836399
666442
7279059
7344002
7886538
1103789
13743570
2488578
811649
8523344
8290464
10509918
914149
2065932
1465037
238054
1449893
2072966
2775811
1387272
13065450
10525882
1114649
1150446
13903525
2076247
286949
288217
527153
626248
727532
7275625
332405
7302617
974156
12324176
1597600
2219365
8783604
10736155
518681
13908604
246941
7278610
7356091
8865389
2199784
2199817
1299094
1037883
1257548
2085811
13759091
2057708
210064
1024227
890338
13908647
2100885
1325190
10551734
12349155
12757854
13758404
13955503
14710953
14877295
1616545
1766109
1985508
1989104
2083511
2083537
2122562
2496285
352989
442385
662246
715872
7301722
7323637
789601
8278294
8835395
884964
2083521
343728
7986435
9358114
1160112
13871677
5451608
2056017
242275
7986434
1984487
1255450
5829481
10551719
1490537
609423
13880438
13888739
1017254
1427201
1604556
7524111
8705201
305522
10386614
1041469
1055295
13750247
1775536
1810398
269532
288754
298925
5837856
7524228
253811
5847910
14961263
232769
242589
7364716
13692984
14952937
2679835
7576315
7658598
8521404
8575867
8768486
8768781
8823349
2064029
404188
524197
205218
281165
662501
1987717
7278793
604313
285172
810580
1986865
1426904
10358445
1214863
12283705
12427809
12946560
13066322
13131039
13665127
13672334
13820060
13894353
13908668
13915590
13976622
14709544
14709570
14710895
14710973
14732667
14874457
14881743
1491111
14941563
14969361
14969388
16573378
16577610
17863159
18592802
18593245
18826688
1970055
1970059
1970060
2063315
2073574
2127293
226103
23407117
242926
2494412
2494437
305541
407706
441313
476175
4770775
2083495
5441688
5608958
227497
5722454
582125
5835470
5835631
5838955
5839001
5962627
614466
675525
7295366
8058162
8843913
2078678
10209853
1057314
1168083
1539772
2156315
5670364
5837356
2654600
1623957
7278548
13989896
271093
1056225
10562785
10562829
1087788
1087832
1130385
1207608
1256892
1276891
1276909
1304304
1304510
1304572
13585663
13587346
1371308
13758608
13801550
13819352
13819386
13908626
13955524
1421650
211140
14882299
14882356
1557443
1580806
1681670
1740616
2040447
2042660
2083476
2083478
2083516
2083517
2084246
2084494
2085704
2085711
2085800
2089700
2127386
225776
254891
334192
363224
442561
466901
524090
5414022
5838471
5847906
5847915
5849321
612148
700317
7164995
7280034
7300010
7300022
7301730
7319921
7325186
7503853
810956
811724
819659
841980
8828250
8839859
903754
913640
955821
977684
219294
699465
5740108
769219
10291012
414810
565702
1207095
7278552
592271
1626922
981566
7302615
2078158
223143
889982
1171932
10553305
1140593
1180229
283901
1222004
1254098
1309054
13748852
1427080
1445620
1592194
1641942
1643198
206867
208086
2084126
2085818
2132774
226121
238627
301459
307150
325270
3457398
432232
5954065
10386596
727545
727572
7278038
7281775
7304194
7340868
866913
967530
234107
209225
7513891
537383
9129668
238275
293832
1046492
1792283
297691
799703
842681
10084717
10707740
11288836
1295272
1324579
1334521
13726943
13734304
14952935
8284398
2966379
7425056
7926510
8523368
8743320
8796867
9379108
678641
1091284
1503510
1002923
237432
245685
1548123
934933
270374
13065396
1290536
10510014
10291107
13587206
2084657
223901
1994728
477424
1335685
12279596
10510303
331477
1270267
937650
7349737
10242064
10418528
1621736
2199781
2199814
7395706
7539091
242343
254402
13626534
256056
1010426
10480195
1117275
1209358
13745236
1418290
1545125
2002369
2071798
241645
269720
3458687
478088
7274417
414846
2096520
332571
2685932
3488300
1128954
469940
1987930
1101091
1027628
10290833
1087791
1095588
1117375
1124861
1130478
1137728
1148247
1158751
1161089
1203865
1209205
1302774
1303599
1303850
1304347
1304486
1304529
1304686
1304989
1305210
13749494
13750686
13750688
13758593
14850797
1681705
1692776
2078497
2082702
2082725
2083482
2084244
2084250
2084485
2084497
2084503
2084638
2084639
2085564
2085706
2085833
2099350
2106507
219944
266144
278231
317446
372358
375309
466701
466738
466926
466945
470034
597309
5981596
7278562
7279057
7279061
7307272
7576009
8042722
808595
8579104
888706
920258
924877
1824107
386615
1991703
269766
415235
425121
995870
1060989
1121187
1338470
213507
230624
676791
846409
1113319
1561243
243999
283246
292638
298110
380920
395459
399046
399393
489721
693845
1279443
309465
3456413
743613
2479754
1077896
955770
10285930
1218227
13748704
13749552
1410574
1447388
1547103
2077723
2100553
2118804
2199800
243295
243664
247743
432215
618035
691825
700799
7273905
7307521
7554184
7567859
343553
1395672
259157
980881
10219333
1341404
1628551
338738
2112021
7348783
972148
264337
565567
1155749
277739
1155634
1351507
1051979
1794373
2835422
935000
1341047
991301
10102237
10108722
10216594
10218014
10223218
10257844
10292469
10323278
1047823
10558240
10559471
10561937
10651997
10736177
1095998
11279630
11280799
1146505
1157876
1176212
1176269
1201058
1209552
1232225
12324197
1278269
1281071
12844643
13024181
1358852
13692934
1381154
13845556
13876210
13880411
13880420
13880649
13896763
1467188
1475290
14820033
14891038
14891046
14892266
14951386
14970471
1502295
15025643
1542264
1575410
1603215
1635440
1661103
1737302
1833585
2175235
2199687
2199795
2199798
2209548
2542623
2542684
2542709
2542767
2566280
2578230
2613985
2628626
2650104
2679115
2813495
2814548
2814717
2824601
2851046
2851437
2884519
2904861
2972421
321375
321503
337512
411263
415141
422240
438242
444695
478449
485637
5525884
5559147
562942
7168501
7293989
7294371
7352021
7382778
7386612
7389064
7399012
7399263
7401069
7417947
7420034
7421750
7422529
7424664
7457717
7478249
7478587
7490951
7514078
7515607
7520788
7534795
7539078
7546760
7576313
7651361
7775338
7777072
7874932
7878708
7880695
7997294
7997306
8029749
8033825
8044516
8051756
8051765
8052466
8052472
8062727
8063441
806376
8083288
8119994
8173076
8176538
8197214
8200994
8213961
8216506
8216527
8223996
8249739
8310829
8310853
8310857
8398054
8398837
8521438
8521439
8521440
8521441
8521446
8521449
8521450
8521451
8705205
8734092
8798019
9057429
9134270
9477149
9918222
211940
5897439
1429061
229383
1739069
1463270
209595
231112
288146
1196404
1250860
1410617
1987982
1997923
2075349
2096526
2123240
889343
302628
595136
1010938
1039498
1308240
1993392
816307
819733
906290
9102358
1533514
1554225
265842
267892
421949
5833138
638142
839091
1147831
1149126
1149136
1341883
700029
7275797
7278796
816326
820075
283757
1159540
14874466
205967
2550923
283735
353614
2067461
350426
2096540
235211
242235
2118917
1351511
1611069
1668130
1735996
234240
240091
1028177
1230349
1276411
1462711
2106311
227038
244209
253410
258191
298831
450353
7303168
7569722
791992
10357743
1112027
1268231
1329298
2078676
2550905
2735511
297470
845552
1265724
10493660
1208444
1343660
205633
289366
681130
269948
7851618
978024
2063432
211283
5723812
1064066
1119236
1972347
2076911
2103690
512552
529665
581337
612880
707947
7277185
7278101
7278103
924892
939912
943450
1033055
1341959
1341989
2006526
265503
281990
285387
579552
7351628
7352214
7352697
7353524
7353885
7355385
892434
930367
1006673
262188
277548
296317
420977
421356
8279223
847496
924888
967112
