5836818
1997675
7659769
10309883
301546
10288268
1984088
1997683
307945
1252126
1129941
681992
2041139
3458353
3458360
1093618
475732
222386
477765
2041141
2464269
218031
3458341
3458343
3458344
3458354
3458359
1131534
266627
1265760
7659771
7659776
7659778
1397354
2143733
891617
1146117
477641
735989
736150
736201
5958387
8194181
1016425
2066326
736099
1016473
1055825
1106867
1106893
1573254
5890283
946001
977702
2066306
2464265
736069
2120475
736159
245595
735916
735929
5957444
736087
735854
736041
475244
475288
475552
5954631
1003305
1562861
2053218
8041764
2066322
1135075
2066310
2074900
2120471
7659773
7659774
7659779
7659780
7659781
2464266
2464279
2066312
2464270
2066332
2464262
2464271
2120473
2464259
2464260
477835
2041131
2041133
2041143
2041145
2041147
2120458
935428
1001141
815913
205854
754743
2120464
10324090
1561450
505278
505306
505550
5915896
2120469
1040381
962078
1040408
2120467
1091683
505254
1265111
2120466
1265061
1509201
1991040
218799
228771
248927
277600
280680
291134
450427
1996053
2494500
1150610
847522
8739918
2464275
2464277
658898
817899
924628
2464267
2120479
