7305469
1121977
1131108
1172914
1491749
1556342
229485
2116702
291890
223901
320296
453793
1030228
1329665
306372
1967674
1127934
1176092
353700
352989
1331259
13685745
1389698
638006
1435770
5915356
209483
353040
2128421
2132046
232769
596243
247289
287013
353261
482112
7279059
7317698
7323015
2053178
1015506
10396952
1056384
10736448
1074393
1109775
1168865
1213886
1285923
7320396
956176
2968269
2113571
227003
298084
484288
730722
7311170
762788
14950798
1040229
1056527
1069752
225322
1086633
1101717
2076243
7564499
1178083
1199213
581136
1254098
1272397
1293878
7321665
1321758
1332836
1362214
252986
1404756
1436726
1504996
7334831
1995825
2065874
210151
2131285
231127
257816
258263
263454
281136
284305
289366
308967
3478365
352965
353116
479520
481022
605159
663305
7302035
7308549
7323023
7341434
8523344
2078232
1695028
1022833
1022910
1056346
1064425
1066934
12344882
1330287
1538700
1420107
297278
1998932
2003064
2046750
2049356
205641
467048
2093150
2093158
217336
366644
225796
231830
252467
255216
2585814
269817
2717480
2796095
373675
374715
5529148
596532
607364
609363
612840
642836
7275796
7279023
7314162
7320360
7340600
800069
8579104
942060
9725453
2730729
1028988
12427588
13759313
2207151
1134627
1169119
11278418
1165990
2078116
2078123
2078137
2570759
7318578
7355813
7413123
7574402
1072340
2095491
210190
2613774
339096
378269
413915
680637
7318577
7318579
7318580
7318581
7318582
7318583
7318584
7318585
7318586
7351658
7352234
7352717
7353911
7354731
7354765
7355242
7355427
7356119
8034963
996569
2785223
7521805
497973
262482
313132
2101405
2110815
2128376
232688
5896526
5965305
7521800
1084159
1131983
1165862
1158836
1165838
1167292
1167401
14480984
14481168
14481260
14481389
14481458
14841951
2058308
2058330
2058386
2058390
2058392
2058398
2058402
2058438
2061356
2605106
5858647
879223
