1117263
235874
2083484
7280623
395049
693177
293153
1208396
13677475
7280647
560832
2076226
2064080
621851
10405795
1390840
300804
3464148
2111305
2116702
1208295
1036548
3466305
248482
5836399
234165
693143
400870
476441
804428
7318365
623892
2650280
688954
282685
286984
986238
10355092
1555738
206592
790142
253261
953307
1595239
7279059
2494971
7280636
1405864
308482
624261
2650244
11062443
1208240
2111307
293728
1328527
288096
269254
278512
10288073
1736458
3938581
5413463
5413469
5562249
621793
2087712
889494
953546
236011
294758
730414
225912
302381
3461825
2113567
3456413
2650266
1044053
1455717
1557665
778039
654624
216139
379404
215295
313341
820393
3456398
1212942
948519
1337378
1419371
1630563
10215787
1616294
235270
244384
2494464
256127
264348
311019
7282253
7282265
778100
889903
1556356
260672
693203
10308670
1113973
1405202
495894
970403
1558271
264966
1241900
225754
307171
7278645
7282249
953505
10268581
1100651
13902500
1557644
819242
2115115
2182549
2494603
456534
619013
648618
730194
7321711
952992
1786078
1520123
730440
1523782
1539056
5413475
5413485
5413491
5413493
5413499
5413514
5562262
5562268
5562270
590489
8891867
513426
3456400
3464147
692700
1598325
1405216
555826
511362
1048083
1942429
2053178
217989
234757
245044
274469
312839
3451502
7343452
233927
777629
874841
9187950
1086760
9079597
1272888
3488315
9308757
1365918
511703
9129673
1033619
1003867
271349
10289163
10394986
1076365
1368741
214414
254776
259972
813458
9681367
1726394
859079
1467164
1499729
2076484
2111502
253942
2650286
477098
1628817
2103674
211283
303665
303951
8305956
7280625
7651292
204384
2090879
211255
406042
671985
825958
2676862
8038596
11272395
935669
2127098
2495779
298243
705684
8572454
8884267
511495
518671
518702
905976
1086562
1191301
1221193
13300250
1339090
1556879
1618584
1718358
2182491
222187
234771
2494451
279544
3451231
3456405
3464166
351922
7657596
7927566
822298
8692798
9650313
965693
1340475
2110805
511669
511779
778131
1117430
274078
8038598
8730254
3456403
3456407
1018850
1234931
234308
252117
7651912
243878
1055847
1339063
13888192
3479379
621650
624022
654400
692938
777847
8133767
817486
819059
881225
9129683
9129759
279429
3010072
232707
5562269
745998
870997
10358423
1493149
3492300
819320
1297234
1297266
1297287
1405237
3456409
3456411
3456415
1078635
1119564
1461313
1523541
207762
2195672
226179
3478005
495872
624232
9676309
1086264
1267932
2111506
2221494
7333214
818855
9187947
9187951
9187956
1216581
13989905
2201898
8038593
1071797
2076498
217127
205272
885096
1009006
10415780
10551250
10551254
1151149
1209825
1412982
2112922
239902
8452645
224287
228594
239514
258542
274225
280662
297230
3464162
1330397
654577
2111494
640055
846883
1537997
2054238
208301
220790
235030
425623
581008
581744
13041078
14943457
216349
237265
385050
484609
513247
12318191
1185267
5678112
259028
289933
2193605
1028609
996647
943145
7343701
2054325
306053
256887
3476956
8194188
938805
1601188
1455434
14407911
208147
7343973
1240670
810569
8297339
899017
914424
9187953
313775
8459724
7342599
1981935
2198589
397653
1008955
1184054
1244594
1273543
1312764
14667683
2193610
247279
250459
7326363
8194181
886135
970374
980732
3477995
3477997
3477998
3477999
3478000
397704
1375409
1598211
1598253
1598448
1833363
9187959
10304773
1313368
249229
8325827
1092343
1262211
980185
1337722
398407
1725481
2111504
300038
621525
654599
7331747
777713
10540984
1122511
1307422
1125208
1390696
2100251
8738824
958540
397955
580824
627359
861017
1383108
14389637
2123157
397728
397806
397887
397911
397996
398020
1598404
1551026
986815
1023879
1192051
1424584
1463198
8035123
816610
993053
1233296
1598348
1598510
1973093
2111043
3468596
7659771
9187952
1092364
2137737
3459589
8038591
8038592
568435
1006523
424031
8915864
874596
469651
8727802
1000656
1002616
1084699
1314427
1392919
1665008
2060276
2070793
212293
228054
234428
260166
3010049
482883
488790
875837
9147384
1273167
2059892
1044273
1070831
1278386
1419167
1995825
210826
3458353
492473
619936
623748
7516166
8019323
850507
947839
999704
10358341
10358424
1082043
1240374
1412624
1574008
2068397
2070920
2132316
241700
247040
324009
708697
7278540
7278547
8035120
8035127
905314
3009954
2176318
687004
8745193
1109567
1233566
1376595
2054320
2076234
2111488
2111490
2111492
2111496
2111498
218384
222119
2495764
250884
254271
257317
301116
407200
589542
5896487
590661
692809
7280649
7916115
8150896
818925
8740515
1035657
1091257
1133249
1587991
2072750
242518
254700
263747
278398
308601
8533819
8738819
950024
14586985
3458548
1047906
1175390
1512151
1574756
1823999
2087710
2111295
236491
218053
231971
247696
261813
308493
309192
3458979
3458981
3458982
3458984
3458987
3458989
3458991
3458993
434216
480860
529842
675475
718873
719159
910143
947033
960464
1179289
1206585
1589216
2057493
212335
251076
258819
279655
1041159
1508871
2071258
265378
289666
310873
7339926
963810
2080904
261775
324526
1269788
13918684
216112
261559
547028
7275635
7300838
917233
1003267
1069535
1074393
1143614
1146998
1152502
1168956
12426455
1265401
1352645
13766574
1401188
1406694
1406751
1482574
1499701
1530824
1559029
1615937
1669589
1675879
2080474
2085308
2111059
248363
248839
265365
272492
273129
289861
292812
294207
320266
511347
511454
511732
511762
511808
535306
7343157
7343258
7344391
7344819
7353621
741085
862026
9069835
953122
953169
988125
14683444
341559
1008306
1091641
1153879
1218575
1365275
1458550
1493165
1736378
2093876
214104
216234
218024
2207176
2208021
237450
243950
245700
2650377
281836
290073
298143
306129
309267
341146
345538
345625
345881
5835850
7328684
7336463
7337215
8572459
9379706
943709
950954
1260770
224304
234769
250689
257847
267432
279660
343545
357008
469521
737061
469669
710916
1233238
1675820
1719731
581712
622217
1094950
1196379
216529
296457
7651293
7651295
7651296
992584
2623225
311918
317058
398426
398455
398486
398591
398672
447251
10540973
10540990
1221235
1353337
1372554
1502597
206196
624483
8058224
8698842
961792
2045454
3564279
1040026
10415819
1155361
1178213
1581495
204240
222409
239943
241733
2494965
296470
310659
313295
580862
581067
581127
581240
736980
737012
8579144
14232470
305405
1756681
240805
263073
288944
293315
7350462
876318
362307
10309983
1040229
1078566
1119734
1344453
1392072
1627601
215091
243861
301693
312266
792669
846979
864393
890850
946215
1106777
1122572
13990014
1470090
1828687
209815
209855
209896
262477
264826
2650227
2650250
2650254
2650264
2650268
2650410
266175
320075
3459576
3459581
3459583
3459585
3459592
3459594
3459596
879106
974937
2054576
3474629
947074
1040254
2073846
5442776
792622
2127071
1231621
2073770
234907
5961672
1108384
1247964
2066798
2066802
211935
275284
309059
5835218
1054141
343390
458448
14554588
1013753
266232
436168
536014
847557
7677422
7677447
8752133
1639135
218836
885706
1012342
10123546
1016658
10323935
1039362
1041408
1044644
10545598
1092700
1142519
1232590
1260133
1262102
1337346
1337440
1340429
13724164
13764897
13814607
13815723
13857773
13859501
13864450
13864593
13972488
1404650
1421051
1425756
1545283
1545312
1714486
1716842
1740803
1782746
1970331
1973061
1984503
1992736
2004678
2005138
2044630
2066767
2066770
2066776
2066782
2066800
2066804
2066806
2066808
2086655
229571
2494967
251071
256272
262426
2629120
285030
286555
295705
296705
301766
303019
303317
307749
308199
331057
343312
343364
343432
343464
3464153
3464171
3472658
3486131
3486140
357549
359513
359575
359696
359809
359851
359919
7343041
480679
502381
518629
518645
610887
614039
662075
7354262
8119516
8522616
8903549
9143503
937650
949408
980801
995486
7326876
1025762
1111379
1131619
1253202
1340465
