5687108
12343674
1020941
1069506
2570759
341369
8563509
527153
727532
10050737
10225349
10244123
10265503
10291861
10305458
10315787
10418391
10440832
1045113
10486212
10707760
10736186
11136053
1124654
1268990
1302295
1573750
1574246
2617094
2654335
2665514
2666577
2735602
2924058
454271
651160
7359078
7404688
7477281
7543036
7572355
7652686
7900636
7909068
7909073
8033825
8139501
8207461
8579839
8723876
8835518
9073160
9725525
1003867
528899
7386676
247040
10309616
1432130
299454
381623
2117442
2710319
2710415
10272383
10561749
1206071
1249704
1340515
1387695
13891860
13891915
14892181
2183617
2595747
2679177
5526738
7293973
7540060
7909070
7909076
7910823
8165026
8217567
8751383
8866328
9141963
9337225
1153715
1587615
324322
3471859
7450562
10236400
10241061
10272370
10323267
10559849
11276610
1249637
13702486
13849004
1512105
1706980
1729936
2139402
2555218
2555512
2610221
2610413
2610574
2610724
2613443
2643052
2666480
2677233
2679112
2692410
2899033
3467152
353757
5471669
5471672
5471677
5471678
680840
7293718
7350183
7383146
7491000
7494668
7496160
7513050
7908287
7908955
7909052
7909071
7909072
7909074
7996895
8084079
8103081
8112848
8144301
8164948
8530676
8567820
8571238
8797480
9921189
1447685
1208465
238110
13584257
1462416
1462502
2607254
2607259
3474347
407163
528432
7474633
8746638
8963667
1737632
1080861
1600420
1003846
887923
1000445
1031317
1162071
1560318
2000466
333728
1598211
402663
1322199
5951720
7473505
1069242
8732065
8749130
1168169
1452663
13951741
1420448
5852723
1167060
527207
2178656
527176
2080903
889676
2087348
1092786
2494470
8740515
266670
1435144
1995315
2094229
489777
1311167
1006199
5690368
492601
951872
1066534
1190486
1510401
2099019
270584
288582
362609
489625
489645
489703
489747
1360194
1030091
1081637
1142915
1143297
1504316
1554170
1989177
2053279
2094232
281944
362617
362664
364893
408299
408462
489726
527245
529460
5957186
875652
894240
930367
983978
1133017
1272626
1996053
2094228
2094231
2094237
2094288
5443160
5542676
8553621
7514410
1660432
2698382
7651516
7926496
9921219
2710412
8029192
10257859
10268212
12419800
1347319
2804560
7498660
7547721
7912429
8732043
9920246
1208636
