791352
465682
7316964
483102
922583
13736188
10240852
19657391
1123004
1137308
275078
319168
692973
7294126
14396893
446091
2047054
7345429
7279443
940822
472025
17645098
7279415
1298758
990794
1172661
2047003
2047051
466078
18921699
282982
2047056
13805382
13736172
7477713
804128
653943
7320417
1083188
1270049
2104807
1015224
1032056
905976
7353284
7477755
835837
14557139
3010072
7349614
1254349
13736192
14694930
13740778
7339529
1055079
279532
7299667
825858
2070110
14695033
463394
1325190
7316407
267662
3010049
5962682
7355682
1695177
981889
259829
7334674
1076580
1128420
2046415
243878
2047053
871697
5978375
1107014
14504312
1000109
2057237
1017535
1026366
466017
1047784
13759309
1064259
1067611
1095409
1117225
1293554
1126449
1127602
1135994
1137041
376205
1174239
654577
266042
1396886
1482649
1511066
1629020
7317376
210207
2573036
342423
664947
7294962
996730
13736206
7318887
2104805
230667
664449
939093
1059413
8564295
723841
644198
302602
7307509
272542
14599671
2073295
7278074
14695504
2046082
2104919
680177
7278066
1004823
2550687
7280631
765874
865091
1105691
1253644
13736242
2494760
288087
294207
296205
476859
782681
991856
1198764
1509216
1000676
1000752
1001405
1002243
1004614
1004966
268588
1070962
1007197
2130369
327866
1103818
1010187
1011637
1013570
1014816
12640837
1015204
1066040
811568
10209853
1022887
17644231
2130373
1026621
10288206
251218
1030896
14396131
20757990
443782
1031876
1034246
1035795
1036020
1036058
12640830
1037756
1039198
1040315
1040344
1041740
1044168
1144671
1046981
1047437
10531379
1053146
1280247
1054554
1055321
10553301
10553320
10553335
10553337
10553351
10553360
10553370
1055431
1055879
1055907
1056033
1056118
1056925
5910681
1057472
1058467
1058822
1061573
1064707
1065058
1066065
1068559
1068734
1069467
1070060
10707463
10707465
10707466
466135
1073236
1184589
1076047
1076511
1079739
1079758
1085993
1087327
568647
1087698
1088997
1091501
1111877
1703222
1095359
1096346
1100748
806760
1103185
1104402
1106528
7312432
18074183
1109833
1113116
1114357
1424805
1327735
1116774
1118866
2546208
1123100
1124430
17647376
1126310
1126321
1126505
1126932
237644
1127784
1127934
1129906
1131409
1134680
1135095
1135115
1135204
1170714
1136639
1136779
1137901
1140735
1147306
1148696
1163142
1166814
1167684
1170058
1170089
1171046
1171877
1173111
2090510
1431177
19635615
1185228
1189131
19190446
1210935
1260613
1216167
1218554
1700239
1222089
1223811
1224439
2080928
1248778
15900715
18296188
1279719
1253165
1256956
18172113
1261054
1262598
259882
12640674
12640870
12641002
12641035
1269446
1278878
2117680
2070592
7316929
1305067
13125253
13125280
1314986
18059402
1332933
13727292
13748713
1389562
1389676
1398260
1399353
1400087
1435084
1437943
778131
14396076
14396823
14398114
14398212
14399022
14443372
1696427
1450873
1451644
1452546
1457170
14622971
1593189
2049826
819320
1467164
14672450
14763458
1485364
14930834
1517774
1645429
1544958
674436
15501538
1564131
1580535
1586573
310546
2096466
411096
411409
1636706
1649774
1682533
261245
1694154
1702000
1762215
17640080
17643867
2546090
2546133
18075589
18162974
18163201
18163401
18190418
18165366
18165702
18166092
18167252
18169025
18177863
18183595
7317858
18265666
1828938
18297805
18298281
19058410
19096648
277243
19162801
19192213
19198247
19212179
19633911
566735
2006708
2046095
2046121
2046608
2046928
2056067
2057244
2058955
2058953
2059204
2068712
2068796
2081541
2071563
2071994
2072157
2076587
2082962
7322207
2093335
2095137
389350
2097725
2603459
2106699
2111001
211214
2114690
2114693
2114695
2116072
2116100
2119418
2125356
2127944
214405
215076
215457
216527
219350
225143
23220111
232207
260362
235371
237006
240694
244633
251151
252117
253650
2546176
258682
262735
268353
276052
286170
294702
7316107
303279
325773
370067
380113
416022
417341
439920
440301
440530
486787
493325
541644
541812
5446923
938036
960960
5957730
604686
643396
674122
7320944
7273969
7273997
7274004
7274038
7290432
7290562
7290609
7290621
7296977
7298928
7307410
7307416
7307841
7312829
7313822
7314395
7317904
7319267
7323494
7334478
7340568
7340868
7351585
7352191
7353493
769249
775449
795814
798715
809526
5582178
842326
842480
880077
905872
933015
946280
970255
975680
10494451
1056274
1117511
473234
552615
282685
215328
8352680
1108602
1000860
7320387
1437961
13736234
1475177
215703
913503
2653969
5582138
2096540
399328
5582169
1405799
14439641
7279414
1799031
1018496
1050758
13665682
13894220
14542243
1480968
14874447
14874828
14921818
1536888
1557665
249329
2609561
2609586
2609690
2609693
2609704
266777
300257
427774
5949771
7280643
816582
841643
950852
965827
1614016
2046441
399877
893106
10270415
2076901
2046419
1748091
2125145
263435
7336648
915684
304430
7477709
399393
1802155
13740877
223828
1694944
385669
7279420
5895793
2046963
7477743
2046434
847609
1306864
409497
1295152
14688551
14694204
14698380
2131840
583868
1365918
845951
970577
5582141
7477715
7282263
1206248
13740815
811852
5897725
5582187
293832
450691
7279776
7349081
809650
3564279
1090653
211123
399170
7316462
801165
399213
819615
2047062
7279416
344359
788472
355221
595645
7316465
2078141
1092396
13665704
1538380
399627
399675
686764
7316459
7316463
7477723
824912
874769
385278
5568219
1040049
1155630
1234433
2047058
2056189
2081503
2078139
1092433
1299094
308267
2128843
271392
1547805
722742
1827429
2046792
2063044
10123546
1306919
937400
10116909
1118641
1282624
14279374
1466778
1480936
251896
399644
442363
1658619
2046647
2113234
266069
307850
310381
399130
7279442
7311276
14667683
608508
10119939
1079691
12285514
13740849
261239
262022
277862
5582190
647518
7303841
1057541
2046772
210549
385465
399522
938925
949670
1028237
10510303
1155775
1169040
1169310
14695737
14760281
1653363
1693548
217838
225051
256483
625344
919251
989109
1055770
1075909
1134705
1500204
1695876
1737110
2046444
296240
399420
7317572
1324559
1337314
1545283
2056179
2096532
2114683
218565
221354
234162
356881
399711
7279413
7336195
7351495
784781
10132336
1109985
1256468
1402110
1550097
1615898
205192
2067467
2119120
2132820
219289
226194
248047
267493
268756
275225
293227
330807
334249
399702
399839
399854
400870
526083
5445577
7279436
809157
898852
2114808
591256
1024227
1100441
14438617
2046446
2046776
225894
255319
285172
4770952
5447031
5582145
788493
920483
995567
1131377
1237767
13665586
13740787
1439506
1574120
224346
274107
7280641
7328982
978915
1015094
10509918
10555730
1159306
13740759
14284083
1577885
2057267
221917
266343
297404
338424
399572
399752
414915
512552
5584222
560832
5830090
699646
7282254
7483033
759633
782587
1000792
1055502
1059915
1132902
1220183
1336925
13740745
13740799
13740827
1439478
14608880
1512280
1615816
2040404
2046413
2066794
252352
406470
560773
7279810
815171
917727
1057746
1086624
12253585
12256365
1265048
13138984
13743386
1559023
1606658
1666479
1717010
2046409
2046431
2046786
204848
2116066
2118057
227237
237318
242310
264515
287254
289148
291589
302768
304367
365484
392535
393278
399195
399230
399538
453541
481119
482955
5440931
5582173
581863
5836934
679891
7330697
7333515
9129683
930271
970959
10555699
1144516
1166578
1241900
1295984
1307448
13736238
13740823
1792055
2046432
2058107
2094929
227286
270001
271118
283058
294758
301667
303138
305459
348169
371605
385554
478532
522109
5844657
604298
7330459
7347834
816307
846454
920557
1002995
1024184
10415848
1068045
1088374
1104105
1110126
1119588
1124189
1127502
1145221
1150244
1157390
1166063
12255282
12427809
1251968
1255450
1272993
1278887
1279443
1289116
1296054
1307391
1317434
1332939
1337276
13724164
1387297
1389247
1394434
1397771
14028023
1405742
1426904
1457443
1461617
14680030
1478894
1480537
1486064
1558901
1561243
1614892
1651464
1824107
1832604
1990223
2046774
206619
2103690
2103697
2110928
2121923
2121927
2121932
215615
216565
218591
226016
226076
226919
228081
233936
244010
