23147488
302268
974156
2895548
350426
337828
1135958
2086195
1033487
1013813
25245915
252298
2092169
659198
1100409
525527
10309883
397157
5891731
398997
915927
1996053
2060869
417382
1075597
417100
616825
484079
2075349
477356
1167812
2464266
399822
1989448
13731831
1369504
909483
1163948
2123115
337760
2060870
1161646
1112251
399163
2003406
549460
10288268
1005871
1621785
2000066
27081514
589340
2088308
1067667
665561
338188
2120475
2041133
2065518
311011
1266354
436259
1985251
1690781
239100
1265111
338097
27045778
10288624
436245
388560
428185
477188
1430000
2091066
736626
736659
715475
18088814
17469395
934507
884773
1556037
513805
975535
813421
2092257
582848
5963774
678950
5687108
1254908
1227221
2092143
2041135
1430091
2092235
2122661
2092255
2097194
765446
2097197
386301
2075351
484574
699871
285755
241182
505472
1997920
1087683
233543
2056888
1989830
17706376
18358290
273942
616936
584951
1998830
386548
1252126
607926
14701538
2000907
14760281
736697
511781
1311386
1969083
831768
1157914
14298285
1114903
14447091
1481912
484171
5919618
618320
