1086574
1183816
1246701
1284607
1825422
2074767
2080048
2216938
2941160
5918670
611562
648595
1296145
2059892
3477445
385050
425329
960076
7280647
1335210
269661
286087
222678
245044
265543
1615853
2117723
1185267
211536
245423
469305
1133807
2065932
255615
338615
216112
221917
565567
606000
2115463
213411
234165
7280547
996647
10237132
1503259
224639
276544
311019
438598
505762
1598325
2004717
310122
322856
7280623
893349
1390862
317338
565702
7280534
1169235
209031
2118065
3475665
407598
7280631
7280645
1126206
1271627
1337440
252352
505808
1087060
1405216
2113243
2123243
2169975
3456407
526046
1638641
1737110
2071028
2343783
324740
440614
537383
807798
1168171
243054
257816
310326
343624
522543
698728
1004769
10237128
2494979
2494989
3454716
5740486
607093
7928853
1390797
1552158
2940823
502633
526083
1198046
1792746
2126192
254501
257932
279264
322988
3490913
5070467
5833116
7576307
1278887
1344903
13766563
1615898
1827429
2118336
235517
246531
255364
260092
2676862
293114
296131
309769
3454712
7280638
737152
1255450
14407911
14608880
215001
233927
238200
595456
621106
7280633
7280641
7280648
736980
737012
859079
938921
1192589
13743570
1615816
2058109
225754
306387
507741
5414325
5832271
692185
814840
816477
823042
1002961
10288276
1133253
1282118
1461617
1601188
2003014
2083473
258674
262593
313120
3455065
4759805
537304
556113
605722
605931
607250
7282257
7472329
820393
10736295
1552273
1559023
1729128
1824107
2496397
358960
359015
537345
555760
5833154
604298
641045
693845
7278798
7280630
1086760
1337346
1383108
1600962
1985248
2054847
217127
232707
238390
254347
285088
287509
332615
3456400
3470514
357528
359189
7132937
7302035
732671
7472339
843516
994989
1183015
13065507
1337289
1545312
1648631
211571
220425
245084
2497984
250884
255160
281452
358187
365978
454305
4770769
511362
518715
5829487
5842450
5974528
605642
657621
1158117
1215209
1379066
14475726
1560705
2005138
218591
243319
258474
489659
5413491
5414329
5725233
5833147
7280636
7326059
7534822
804712
931486
1007656
1080861
1339090
13989896
14402839
1440328
1573164
1648681
1707574
2071024
2110805
217989
2182501
2193610
2059881
221711
238144
2589483
272252
276100
7340139
308463
359285
452153
493912
511408
5414355
560354
5608958
5735798
579737
584059
605665
605692
628378
648618
7280625
7280649
7323409
737061
8021265
8297300
1009909
1115513
1251968
1353341
13744028
13766598
13902500
1405316
1545328
242518
242986
256862
258573
283698
3456398
3456415
5453560
613407
693143
7280643
7477723
769624
801232
8516159
854629
890663
10237135
10237136
10420350
10555706
1064866
1094101
1096513
1106777
1117430
1147610
1243351
1248876
1249543
1347547
13766547
1387683
1390696
1392639
13990004
1422096
1448327
14557139
1459345
14657657
1474673
1479795
1486203
1494876
1504813
1519993
1537449
1545283
1628292
1713662
1723283
1735569
1743613
1745105
1823999
1985121
1992736
205037
2062510
206592
2066743
2067348
2073766
2086616
2086622
2086627
2086629
2091312
209815
2113245
2122998
2141636
223806
224800
231949
2341625
238751
239167
248800
2494433
2494449
2494611
2496428
259161
261155
2623176
2623225
265358
267072
267673
269733
274594
274637
276720
277223
284588
2882027
293728
296816
3028857
304367
305569
308267
310659
312072
313566
324979
338432
344063
3454714
3454718
3454720
3454722
3454728
3466729
3473524
358599
379404
381623
404129
407516
421763
439972
4409626
461676
4759723
479072
488887
503777
5069784
5070364
507256
518757
5412305
5412311
5413514
5414779
5441688
5453551
5562143
5583963
560601
5827209
5829463
5835093
5838335
5949761
5955028
5961753
5966282
625869
640894
678213
692146
7154149
728215
7302615
747401
791545
7928846
7928847
7928848
7928849
7928850
7928851
7928852
8032457
8049836
842236
859008
8677195
8692798
8751663
879106
886135
889927
908154
9143502
948745
973909
1362526
13743450
205633
2120865
216138
217386
231384
239943
242343
256272
260315
266957
271496
280662
310068
489492
604313
605587
605745
605776
605975
9150278
1131208
1297208
1390840
1519980
1541692
1827410
2040695
206712
2093943
209538
222409
224129
2341662
235077
2494403
2582994
272016
275919
284314
3456403
3456405
4759782
479713
482510
5441680
5962725
613941
7280627
7280628
7280629
7280632
7280640
7280642
7280644
7280646
7280650
7280651
7282251
854753
889343
1048083
1171155
13749842
1438202
1471458
1491800
1520123
1598211
1738789
208301
2111282
213766
219245
221647
229192
2342863
234757
244677
265657
274469
286774
287745
312839
429929
462810
489574
5412885
565661
5838364
621793
662375
675494
7282249
743599
7471942
851111
8742161
970403
1037186
1070761
1072724
1114389
11276181
1201094
1242447
1248516
1340534
13748510
1387299
1399346
1404972
1441607
14427683
14692411
14704110
1486172
1582642
1598253
1598510
1624398
1708125
2099063
2059639
2100894
2113567
2117298
216513
218177
218966
221982
238371
245136
2494603
2496519
2496522
2498015
259170
260555
268756
271288
277131
283396
295705
301629
305577
307621
307939
309401
310091
313341
314277
3471859
362704
395459
399170
4770952
480919
497604
498129
506277
5070390
5070450
507308
518681
5412456
5413469
5440937
5452929
5563180
5607872
5684974
5723809
5740108
579525
5829475
5833395
5836934
5841285
5842348
5954352
609423
627113
680133
701576
7375288
777487
7887792
7993461
810486
8322191
8348432
851344
8703763
911417
10268581
1099383
1255022
1404584
1432379
14690327
1495519
1541711
1612476
1828995
2125804
234463
243801
2496325
250280
258932
274571
280712
406042
476441
482961
5070121
5440933
555826
593688
5953608
609839
675475
7328326
743613
801889
8297297
8596155
1062778
1135220
1153215
1172634
1194790
1318987
1441914
1450953
1582675
1598404
204240
205272
2056288
208305
209246
211300
2113228
2125760
217118
218087
224104
226835
228605
229739
232801
234428
241733
244384
2494624
2498017
253942
255581
260572
260947
263747
264722
265378
271127
274225
276212
282003
285197
287826
288760
295759
296470
299601
306736
310040
313801
3467117
350643
350694
350829
350902
358669
389238
526160
526261
530484
5414371
5829466
583044
5847920
5966142
605905
6187809
640825
641003
641097
662796
704892
7279814
7281712
7303667
769221
821869
8526461
8877987
8923075
958316
976968
1007868
1013380
1074588
1079145
1116792
1188127
12256016
1244801
1297266
1344280
1415611
1427201
1468348
14693518
1504388
1511346
1530354
1539056
1583709
1597611
1598348
1598448
1601896
1615837
1615937
1616010
1627977
1759633
1995825
1999116
2045096
205131
2083521
209108
2091929
2104919
2124138
2125778
212661
2129005
2129007
2129009
2129010
2129013
2129014
2129016
2129017
2129019
214111
2170721
217916
221693
221877
229865
232144
234990
246368
250392
259800
259869
259972
265303
271484
279130
281052
284305
293276
300403
301028
302857
3458359
3464090
3557974
380564
395294
413512
439295
5833028
5835770
5837340
5838751
5839072
640055
642223
649636
667299
698915
7144448
715237
7275829
7278567
7278742
7280550
7575889
7651292
774909
811776
840591
845174
887143
10308928
10491660
10562223
1091257
11059763
12314155
1302253
13744039
13888192
1394509
1414407
1414452
1414488
1441929
1582683
1653363
1683921
1699256
1706264
204645
2075791
2090879
210151
2116702
211123
2112021
2141634
2141648
219209
219913
220058
224075
234745
238372
239646
244341
2494977
252165
261966
266175
270306
276141
281299
282427
304746
313775
3456409
3456411
358139
372978
441913
456534
527291
540735
5838111
5948723
693177
7282271
809073
8150886
8150889
8150891
8150893
8150894
8150896
8150899
8204772
8394443
880983
881026
9088589
1119236
1167060
1207601
12255521
1243100
1243302
1296054
1297287
1346827
1346834
1346839
1391953
1398153
13989905
1401090
1405202
1525534
1585837
1585859
1702051
