5588886
235874
7280635
7280623
300804
1984512
1988905
2701043
1385923
7926593
10324664
313548
13988821
2003075
259161
1521601
213766
313775
379583
8003721
332383
994989
296696
13989896
3464148
1344579
2121943
495423
10291332
10309384
10324088
10324312
10354933
10357193
10385798
1051479
1051503
1054234
10562763
10562771
10562789
1076519
1076714
1076752
1076786
1076843
1076901
1076950
1077040
1077093
1077157
1077243
1084367
1094009
1098438
1098452
1098464
1098478
1101317
1101335
1101360
1101371
1101461
1121711
1130740
1130756
1130775
1130881
1162834
1166961
1167135
1167162
1208018
1208046
1208059
1208069
1208172
12328128
12328152
12328229
12328249
12328391
12328457
12328583
12328619
1248710
1248737
1255832
1291808
1294624
1294776
1294791
1365486
1366470
1366577
1366622
1366656
1366717
1366772
1366821
1366847
1366878
1366908
1366944
1366970
1367007
1371064
1371076
13748603
13748716
13748735
13748794
13748810
13748859
13748946
13749013
13749210
13749212
13749213
13749352
13750257
13750351
13750428
13750510
13751224
13758520
13758527
13758542
13758548
13758555
13758562
13758580
13758892
13759041
13759056
13759075
13759093
13759123
13759132
13766557
13766567
13766593
13766603
13766614
13766621
13766631
13766638
13766650
13766657
13801708
13815190
13815503
13815520
13815664
13815685
13815735
13815750
13815764
13815778
13815821
13815845
13815871
13815922
1385713
1385738
13897155
13897181
13897195
13897224
13897242
13897255
13897277
13897293
13897306
13897320
13897333
13897340
13903574
13934193
13934251
13934261
13934323
13934333
13934349
13991432
13991434
13991437
13991444
13991446
13991448
13991451
13991455
13991459
13991463
13991469
13991475
13991478
13991481
13991483
13991491
13991496
13991499
13991502
13991506
13991509
13991514
13991517
13991520
13991524
13991527
13991531
13991537
13991792
13991796
13991799
13991804
13991810
13991812
13991818
13991825
13991828
13991830
13991833
13991836
13991838
13991840
13992216
13992219
13992221
13992223
13992226
13992228
13992230
13992232
13992235
13992238
13992240
13992242
13992244
13992246
13992248
13992250
13992252
13992255
13992257
13992259
13992261
13992267
13992269
13992271
13992273
13992275
13992278
13992280
13992282
13992284
13992286
13992288
13992290
13992292
13992295
13992297
13992299
13992301
13992303
13992305
13992307
13992309
13992312
13992315
13992317
13992319
13992321
13992323
13992325
13992327
13992330
13992332
13992334
13992336
13992338
13992340
13992342
13992344
13992346
13992348
13992351
13992353
13992355
13992357
13992359
13992362
13992364
13992366
13992368
13992370
13992373
13992375
13992377
13992379
13992381
13992383
13992385
13992387
13992389
13992392
13992395
13992398
13992401
13992403
13992405
13992407
13992409
13992411
13992414
13992671
13992673
13992676
13992679
13992682
13992685
13992688
13992691
13992693
13992697
13992701
13992703
13992707
13992711
13992713
13992716
13992720
13992723
13992726
13992729
13992733
1407711
1407952
1408013
1408157
1408183
1410386
1410448
1414623
1414626
1414644
1414654
1414663
1414675
1414692
1414695
1414730
1414764
1414768
1414792
1414816
1414844
1414851
1414862
1414873
1414895
1414905
1414926
1414932
1414957
1414981
1414989
1415008
1415034
1415043
1415053
1415058
1415062
1415079
1415135
1415340
1415401
1415431
1415489
1415521
1415576
1427584
1427602
1427624
1453769
14715003
14715008
14715014
14715020
14715025
14715045
14715048
14715052
14715059
14715063
14715071
14715075
14715078
14715083
14715087
14715091
14715095
14715099
14715103
14715107
14715109
14715116
14715126
14715129
14715134
14715138
14715141
14715146
14715225
14715230
14715253
14715263
14732823
14732829
14732835
14732882
14732898
14732904
14732910
14732916
14876158
14876478
14882286
14882292
14882334
14882342
14882349
14882363
14882370
14966734
14966776
14966836
15123799
15154281
15154394
15154408
15154457
15175244
15175304
1520093
15265462
15265477
15265488
15265498
15265513
15265522
15425572
15425575
15425577
15425579
15425581
15425583
15425585
15425587
15425589
15425591
15425593
15431247
1546873
1551380
15653126
15653167
15653186
15653234
15653246
15653276
15653291
15653307
15653415
15653425
15653447
15653471
15653481
15653522
15654889
15654905
15654923
15654978
15654999
15655038
15655047
15655114
15655124
15655132
15655146
15655160
15655196
15655213
15655282
1574855
15783825
15785957
15785994
15786096
15786135
15786323
15786367
15786455
15786523
15786567
15786620
15786680
15796253
15796271
15796284
15796300
15796380
15796395
15796412
15808601
15808669
15832030
15832236
15832680
15857862
15859882
15859898
15859945
15860060
15860095
15860112
15860118
15860131
15860137
15860194
15860211
15860263
15887071
15887113
15887161
15914045
15922331
15948587
15948617
15948695
15948765
15964518
15964572
15964591
15964612
15964822
15964855
15964867
15964910
15964994
15965077
15965162
15965171
15965245
15979281
15979324
15979406
15979487
15979598
15979685
15979693
15979759
15983339
15983345
15983582
15983587
15983592
15983621
15983696
15985410
15987483
15993441
1600132
16027290
16029984
16030024
16030084
16030128
16030193
16030265
16030308
16030372
16030414
16030451
16031191
16031219
16031288
16031341
16031417
16031515
16031564
16031605
16054085
16054129
16054353
16121859
16132408
16135262
16135549
1620011
16561792
16561896
16562099
16562188
16562299
16602110
16602179
16602315
16602360
16602399
16602949
1667288
1668204
1669905
1670735
1671826
1672952
1675058
1675127
1675485
1676569
1676675
1691782
1691790
1691814
1691821
1691906
1719780
1721749
1721781
1722775
1724290
1750765
1758390
1759952
1760883
17744487
17744748
17744875
17744952
17744955
17745135
17745142
17745183
17745205
17745270
17745293
17745355
17745356
17745391
17745400
17745415
17745507
17745534
17745540
17745563
17745584
17745677
17745685
17745722
17745725
17745743
17745810
17745919
17745927
17745971
17745989
17745999
17746022
17746049
17746065
17746113
17746161
17746175
17746281
17746341
17746375
17746443
17746474
17746491
17746494
17746505
17746554
17746564
17746643
17746666
17746833
17746834
17746847
17746859
17746918
17746931
17746954
17746967
17746983
17747088
17747118
17747130
17747307
17747324
17747333
17747337
17747346
17747352
17747369
17747372
17747406
17747502
17747571
17747655
17747780
17747802
17747851
17747871
17747912
17748001
17748004
17748047
17748063
17748071
17748136
17748265
17748314
17748319
17748407
17748469
17748544
17748565
17748614
17748709
17748723
17748860
17748866
17748913
17748929
17748948
17749029
17749038
17749143
17749218
17749266
17749349
17749379
17749387
17749460
17749468
17749473
17749508
17749556
17749574
17749636
17749718
17749755
17749835
17749839
17749905
17749979
17750024
17750180
17750206
17750250
17750294
17750448
17750535
17750588
17750601
17750615
17750672
17750687
17750693
17750704
17750807
17750871
17751040
17751089
17751091
17751141
17751191
17751227
17751265
17751282
17751361
17751508
17751526
17751636
17751673
17751751
17751761
17751764
17751810
17751819
17751889
17751912
17751952
17752080
17752100
17752273
17752275
17752286
17752308
17752481
17752513
17752572
17752690
17752710
17752855
17752944
17753013
17753177
17753233
17753277
17753386
17753435
17753472
17753486
17753611
17753625
17753730
17753750
17753791
17753892
17753995
17754108
17754165
17754259
17754285
17754565
17754597
17754873
17754942
17754985
17755094
17755107
17755396
17755460
17755772
17755903
17756241
17756327
17756444
17756614
17756682
17756696
17756744
17756774
17756915
17756959
17757045
17757281
17757681
17757798
17757836
17757840
17757878
17757888
17758729
17759106
17759464
17759669
17760128
17760775
17761188
17763252
17763619
17764137
17764781
17764952
17765667
17765927
17765949
17766906
17767575
17767846
17767856
17767881
17768866
17769852
17770377
17770414
17770755
17772766
17773584
17773697
17774819
17775983
17776354
17776816
17778583
17779124
17781901
17782899
17783535
17784010
17784865
17788349
17789476
17790679
17792680
17794557
17795293
17963953
1825635
18388313
18400015
18404065
18589425
18595784
18634508
18646825
18647341
18807808
18807925
18809807
18814578
18816361
18835563
18878457
18879375
18880449
18881412
18882372
18883542
18884510
18885353
18886169
18887025
18888936
18890552
18892010
18892846
18894790
18895617
18896411
18897513
18900815
18902112
19153992
19624296
19625191
20351869
20352231
20352571
20353423
20353789
20354194
20354463
20355133
20365235
20401467
20401947
20402424
20402938
20403379
20403755
20404216
20404646
20430045
20532625
20533016
20533485
20534241
20534603
20536370
20536906
20537370
20537970
20538477
20539578
20541095
20541620
20545112
20545722
20546351
20547024
20549495
20550214
20550791
20552084
20564149
20564840
20569143
20573326
20586264
20587083
20587830
20594658
20596080
20596947
20599400
20600306
20719629
20719669
20719693
20719746
20719773
20719792
20719811
20733390
20733515
20734112
