246301
14880387
23305140
10287598
5837361
10509017
12380958
10518153
10519381
536010
10547657
13556491
2342863
247937
1347957
5990617
31073692
13931964
5963089
5830696
5954909
1300366
416940
205846
5957631
7471842
260021
416996
5071402
5946379
5961739
7675660
8513502
9191175
9506370
10502800
10519326
10519421
10549245
10549590
1165152
1166063
12540505
13609079
13776651
13776806
13798524
13931974
14860144
14888019
14900464
14906363
14915419
1590959
223140
246501
2494358
265436
278492
280994
292875
313566
333252
379455
417132
417496
5676639
6419060
653166
744599
7472339
7472372
7472391
7472683
8460569
9181182
920829
10155565
10287791
10437179
10501628
10502346
10502945
10517909
10517946
10518156
10545598
10549582
1114940
11271692
1186782
12272158
12539998
12540200
12540267
12540410
12540529
13026262
13124698
13556677
13586936
13745078
13758614
13798516
13798542
13840040
13857890
1388651
13931930
13931997
14739504
14739569
14866251
14881420
14902613
14944729
1506798
1506965
1575773
1588937
1990854
2043510
2043516
209344
212160
213172
221436
223097
229191
231539
233869
2342865
2342867
2342869
2342873
2342879
241902
245231
253069
270436
292605
292748
296189
298354
303355
333339
340550
3535539
379425
384887
5071388
5071390
5071398
5835631
5071409
5071411
510306
5838782
5839014
7471872
7471916
7471919
7471963
7472012
7472329
7472411
7472703
877636
961212
271544
5901634
7472812
845431
10498128
10501827
10502220
10518160
10549574
10549603
10551981
1131117
12519646
12519722
12539808
12540190
12540275
12540280
12540550
12586184
12697719
1296182
1301565
13026264
13026266
1348059
1356467
13611644
13613615
13745095
13776811
13776905
13798379
13798530
13857850
13857904
13857925
13908849
13912178
13914532
1422954
1454335
14739544
14739554
14739560
14739610
14739705
14874693
14941043
1550429
1777379
1810398
1985784
2005786
2043513
2067375
2067381
2103910
214515
222032
2342875
248487
249018
256687
267899
269051
282578
310810
458749
482099
5070470
5071392
5071394
5071396
5562249
5836894
6169829
6173023
653318
7471865
7641462
7678692
900676
9512622
978553
10288292
10291479
10291519
10309738
10310069
1039968
10489004
10493282
10493289
10501435
10501510
10501741
10502021
10503061
10503183
10520164
10554706
1056638
11054800
1122786
1147034
1212219
12283637
12323987
12324187
12324235
12324250
12324277
12358235
12358751
12358767
12408137
12437202
12491461
12518654
12540034
12702476
12702532
12702535
12702586
12702613
12782620
13026270
1347979
1348022
1348073
1348097
13542789
1355846
1355898
1355958
1356354
1356443
13615001
13615028
13616873
13622425
13744289
13754379
13766115
13766122
13766132
13766302
13776684
13794093
13801225
13801259
13807679
13825609
13839860
13840031
13840065
13840106
13840203
13840213
13840220
13841760
13846041
13846056
13846066
13847227
13852266
13852278
13852289
13852302
13852311
13854149
13855040
13857808
13880939
13895186
13897372
13901094
13903170
13908425
13908861
13909759
13912185
13913444
13913964
13914427
13914434
13914447
13914459
13914544
13914570
13914612
13914628
13914744
13915129
13921506
13921539
13921549
13975838
1449242
1449342
1458952
1466265
14709529
14739584
14739604
14739670
14739737
14739759
14863149
14872406
14872461
14874699
14874705
14882159
14883206
1573955
1591048
1693072
1693589
1723559
2002862
2053287
2061001
2061035
2061043
2067370
2067374
2067379
2067383
2067385
207147
211335
214491
214542
216588
216626
218255
220758
221575
221835
229389
2342877
239432
241260
242165
242667
248736
2494362
2494364
2494377
258558
259756
260990
262874
268261
275989
276470
276764
277416
282813
283021
287989
290927
291078
292333
292365
293921
296453
301375
307106
310065
333145
333429
334038
3451128
372565
381623
429761
430573
454471
454580
5071404
521796
537821
561766
561780
561813
561932
561994
562067
562114
562219
562284
563474
563512
563558
5739030
5844741
5954345
5966695
5974384
605885
687480
687856
729555
7351626
7472408
7505303
772838
7889300
7944648
7944661
7944704
7944748
832015
8594974
878986
883352
915190
923461
930410
9308639
9408696
951294
10323935
10325117
10325126
10325843
10437680
10482090
10503273
10521721
10552527
10554975
10556155
1071107
1165000
12283603
12310115
12323516
12324026
12324053
12324060
12324107
12324218
12358205
1238563
12388334
12400537
12408089
12408112
12408165
12411266
12491192
12491228
12491377
12491469
12518231
12638629
12757242
12771956
12992051
13124628
13124816
13385806
13583684
13586948
13613826
13613832
13613838
13613842
13613860
13613866
13616035
13619459
13668005
13743675
13745030
13748224
13756846
13756852
13756859
13762276
13762282
13762488
13766153
13776445
13776469
13776491
13794131
13801965
13802211
13802939
13803989
13817087
13817094
13817098
13833566
13833579
13833583
13839866
13840072
13841882
13841904
13841928
13841967
13841979
13847204
13847217
13854156
13854161
13854442
13854446
13854450
13854490
13854734
13854747
13855030
13855033
13855052
13855059
13857735
13858243
13858251
13858271
13858284
13858308
13858321
13859469
13863545
13864426
13867187
13867222
13869561
13906900
13909203
13909208
13909216
13909224
13913971
13914421
13914441
13914453
13914523
13914584
13914641
13914654
13914675
13914687
13914706
13914769
13915176
13915212
13915307
1450955
1474139
1486085
14869206
14872371
14872379
14872381
14872386
14872394
14873468
14873495
14873499
14873515
14873522
14873756
14873761
14873772
14876430
14876480
14876613
14876640
14876649
14876662
14876674
14881553
14881591
14881596
14882191
14882200
14882208
14882216
14882222
14882230
14882236
14882246
14882252
14886980
14887335
14887340
14887840
14887846
1545834
1990856
2002657
2002660
2061027
2061041
207415
218980
241392
244014
244057
2475613
852316
250534
252869
253105
264634
265227
265459
265602
275241
276599
277694
280660
283920
294621
297559
301513
302963
307276
312647
3451112
3451118
381162
382538
382982
383805
387749
433735
442325
454493
529164
5408362
553052
553083
563527
5719407
5836097
5911236
5948707
5953971
5980982
6973600
714976
715004
7176475
7336924
781940
7942872
8246632
8246829
852275
861088
8682869
877321
877391
877437
877589
8859856
892911
899451
910332
9645663
987196
993499
12949082
227613
453271
237617
13890321
13124846
13841377
14741124
14741131
5562258
5562270
7472335
7949278
13762469
13385342
13854718
10522015
12947703
12947705
13588042
13718614
14741089
5562183
689693
9060652
14878856
14925568
14938745
14941261
14942697
14955705
14955711
14955719
14955747
14955781
14955798
14970270
15365691
15365995
15367331
15367373
15370732
15370801
15370886
15371021
15371177
15371404
15371559
15418363
15418679
15418718
15418727
15418739
15418950
15418956
1440856
1589721
14322634
10650147
