2064459
1318987
10237128
14695737
299138
1126206
265303
526109
846883
14557139
958316
2086651
2940823
743839
1037186
1492260
3454718
981889
1088831
537345
972330
1040834
1353341
837232
889903
22926248
267004
657621
2004717
1435940
2063943
12255521
1241435
2120297
215001
324394
1077896
1379209
1669589
2497981
1164800
307345
385710
440043
444800
7280534
878558
10323263
1061300
1080861
1095862
1108837
11274694
1163484
1167241
1231621
12380958
1244594
13068395
13068404
1340465
1524033
1540741
1554554
1654086
1734027
1738937
1827417
2057150
2079362
2118063
2141648
2141650
217562
220793
226287
243054
254085
262095
270211
273218
273641
2802547
291406
292956
296833
297942
313775
338667
3454716
3454728
456170
463213
480860
5451638
555826
5559249
588359
5915189
593130
651239
7282253
7282257
7282265
7300838
7303170
7327826
7477744
811959
837336
8517034
8923075
899644
9129764
934601
9655393
992302
2064099
2092866
209885
2110038
675494
1392192
1393347
2117723
2123163
217008
2182559
2457290
266957
308463
506165
7278793
9650318
7278800
1128501
1171130
268756
299601
10494794
1069515
1192411
1217147
13665405
1438202
1450953
303849
468417
5953608
7278801
743702
847007
926776
288760
304002
309973
7323156
851070
1011516
1037021
1149537
1153715
1245058
1278687
1292519
1307328
1362167
1397502
1408815
1432738
14682833
1598348
1598448
1599492
1828591
1999808
206029
2063044
2066392
207615
2085559
2112021
2112601
2112603
2112609
2112613
2118882
215060
2160323
216647
2177107
219826
226211
280544
284430
2853495
291794
357212
422279
5441443
5441449
5688659
5836723
5842743
592945
593688
631039
702879
7278799
7278804
7278805
7279007
7280538
7281341
746823
747587
836492
836538
836585
847514
8516225
885339
887923
9129670
942985
951872
952451
958250
10289293
10309268
220298
5832283
5832285
802305
999704
1668130
297891
373792
413114
5833681
7276957
809719
1368680
1368698
1368747
1368773
1368815
1368838
1985248
2045250
2060479
5440927
605996
242206
1530354
499348
1172378
14473917
2064043
827775
915927
930441
985664
1096912
1372824
1372848
1372917
1372941
1372960
1744132
2073295
208299
237586
245505
247332
253381
253973
266353
266984
269376
276663
276713
279789
287901
312656
7276035
795909
833937
1008970
14741741
1425260
1432746
1462155
2070918
2070924
215850
3491952
497598
5885328
5966756
313898
380707
479644
8182251
942547
10300025
10541359
1353506
2074307
2113224
212152
234907
236247
298035
3460205
7282261
14384314
216039
252231
281802
284142
422323
488097
5452927
713984
762418
8747791
2059641
1109793
13941281
1457403
234040
250298
5833512
5833515
5833518
5833521
5833524
7292350
737729
1651465
625344
900142
1311154
2198589
359143
5412321
5412331
5412337
5412343
5412418
1353584
1353626
1353747
2091279
5835218
921286
1005297
1310210
1327581
14612370
1532645
2182565
236393
681095
1176977
1318844
257506
204816
651009
1060266
229192
237450
5835556
715570
753150
761583
8564295
1299194
2063408
2064086
238054
239152
306182
310259
5451634
545633
721295
7332038
891285
944024
1067691
1170368
283757
773895
1102697
1517780
1997082
2189452
226661
276483
328943
7277789
816279
1051901
1475349
1624306
1823911
2053279
2341662
238213
281022
297002
503777
7278762
8843791
939935
1012554
1044132
12440249
1273377
1304716
1395126
1421589
1436870
1436970
1496071
1602836
1690917
2057464
2088265
287509
312884
5839021
7282263
799048
880177
884773
1198001
2127072
8719194
1011649
10360882
1037641
1046996
10493684
10493744
10495229
1063960
1092700
1115438
11272349
1149645
1159063
1173327
1220946
1224037
1245514
1281720
12989687
13058553
1982784
1386381
1386748
13875714
13875728
13899013
1391803
1404650
1418481
1429006
1434181
14484814
1477528
1493240
1537460
1637218
1672024
1785838
1985680
1994923
1995825
1996624
2044748
2063985
2066806
206727
2084848
2088255
2096079
210029
214062
2185149
230928
239661
240010
255450
257977
2584375
261421
261560
2626915
263047
263119
269602
270178
271306
278193
278929
283401
283437
284071
294655
295272
295442
303651
309255
347407
356766
357556
362704
375321
418795
428911
431637
444718
464660
478356
482896
490537
496940
529684
560377
579636
579674
5888142
591734
600037
601710
655134
657657
680370
702486
7275971
7279848
7319722
795014
797589
801369
812631
828428
843188
8585782
859141
8788332
889402
890122
890146
892289
905967
910652
922646
923844
930271
9334746
934900
938465
938654
944354
953276
961945
965324
972517
977545
