235874
300804
1385923
332383
10324664
296696
782195
10217572
379583
5577631
1466778
2003075
332098
1344579
3464148
1220874
259161
925470
2121943
994989
500098
14608225
14609179
397887
1108781
1996624
282901
1423412
13988821
1108677
459405
1158591
1583679
247279
252683
264348
5964838
7655358
8133767
8216627
8677565
9056739
10308853
13987358
1134816
1357324
283735
3457845
1292519
2115998
2716281
3464147
3464166
3486140
358960
660089
7925002
8035124
8035126
8035128
8035129
8035130
8035133
8517213
973909
1194817
12437177
1361356
1427423
14892273
7275664
2728156
8944012
1740172
398389
10529315
5961259
334117
870264
1307422
14459955
1993657
3470326
1262914
1644327
264492
568027
8566162
397704
5834863
1106445
13774360
1400297
2061729
221720
225132
568848
568986
724620
7317367
8520723
955138
958274
10291422
5956787
937650
10288192
1318027
1394562
9150280
12279596
8877994
968579
1771629
1091166
1098608
1340465
2101628
2101633
214488
262043
955858
12327407
1594096
2045250
242861
462960
676535
904703
10995527
2044748
2162563
3458362
5562014
777291
10220867
1097988
11063397
1125208
1210047
1396732
220547
312691
331636
5890414
9187956
1546852
308199
9102358
8246829
5609022
1621448
10591012
1221119
1234931
1265401
13749301
397996
970374
1030237
1035682
1064045
1065062
1163257
1192051
1198001
1332346
1340429
1361282
13779884
14328848
14333529
14651134
1500662
1520617
1643715
1724379
1783319
2044467
2104805
217683
2182565
2577889
2735137
2805949
287166
302268
331057
341559
3458341
3463472
3490050
3492142
385278
408911
454411
460236
481372
5954272
7133662
7319181
734661
7419885
7999162
8323833
847487
8552714
8852319
887161
9136258
915883
9643108
9647540
969885
988503
991856
