10357938
10358144
10358445
10358449
10395411
10513647
1069611
1092364
11059751
1128007
11280286
1181259
12308850
1253926
1280587
1320602
13665127
1404584
14654107
14827943
14865975
14919192
14919199
14930748
14940115
14968855
14959264
1521601
1570947
1710504
1718201
1973022
2054238
2091294
2207425
2498251
2844801
300955
302960
318939
3450487
3457187
3458951
3470641
357168
389105
407200
429073
4770714
488790
526048
5559147
5571232
5585984
5678112
589325
633573
691663
7133662
7164420
7165757
7176728
7384467
7405430
7918037
8044580
8216756
8349999
8409184
960076
7303681
1754563
2141627
1168171
787033
1340534
1404672
1737110
10510324
388144
609068
1297250
1356961
1390862
1503259
814840
1323128
313120
7280645
10237132
505762
12284767
1496008
1005647
1342954
299138
1248819
14695737
212325
214743
3454712
732671
1985248
3456407
5414351
7280638
7328681
1432324
14488193
298084
804712
8703763
1130044
1317120
1414241
1473745
257816
262593
3475665
505808
7997473
5414355
5835751
1339063
1395255
365531
383165
766232
1376060
1379066
1994152
2003014
254102
293114
7350582
1050391
1193116
1241900
1468348
1537178
1699256
2169966
305942
8020176
9088522
10510321
1593795
1792055
2182551
279569
628378
971670
1432379
1519954
2176324
343518
560556
8297300
1101088
1247792
1317103
1317155
1708695
453736
2001356
2084613
2494961
292638
603625
825294
959915
1248032
230407
301036
1422954
2170476
305963
309711
358599
689501
7303683
1040834
1196521
2046758
400870
5842177
649636
8710473
879787
1560705
267649
277911
686764
7280631
7316323
1163484
1278942
1282077
1307448
1541711
1609581
1735936
1736467
2045086
211167
221982
452510
264966
311019
5414325
5453551
5608958
837757
859008
10230853
10237135
10265703
10287598
10309274
10736295
1077896
1086071
1099383
1151700
1155493
1160681
1167241
1181328
1191736
1208240
1221193
1248876
1266992
1306544
13066503
1314774
1330124
1344280
13588375
13677475
1374005
1389534
1390696
14377307
1473649
1493240
1540741
1554225
1585799
1639060
1683728
1815250
1972438
205139
205192
2067349
2086616
2086622
2086627
2086629
2103688
2112908
2112915
2112922
2112928
2113226
211571
2116169
2117723
215615
219245
221990
223402
226216
226835
233849
246077
246123
2495370
249716
2497984
257769
261854
275043
289719
291986
296604
308267
327038
3486075
3486269
365709
489574
503777
507308
517206
5414371
5562153
5842357
5845201
5957509
607250
612880
614777
625869
702425
7278795
7280633
7282411
7320147
7324244
732890
7352093
737152
7375288
758571
791545
7993461
815523
848404
8782072
887143
901456
9069877
908230
911417
9129671
9129673
9285649
9334697
945913
959538
960464
960997
981566
990470
1115513
13750981
1383108
2196832
5833484
5836508
962175
1764931
305010
308463
360343
447050
593260
604313
7279776
732499
811646
1138110
1463593
1470761
1536976
2093859
266074
299868
308545
359000
1179973
12698602
12698891
1485889
1827410
260672
265358
509274
574617
7303847
854927
1280175
1438202
1479795
205329
213015
246173
271349
274758
810569
9143474
1340475
205037
2059925
309085
10119939
10419800
1151660
1153879
1220021
1323415
1341727
1347583
13665704
13890339
1421949
1427142
1432307
1432429
1461651
1497557
1533514
1561419
1578314
1712342
1716842
1735522
1735569
1782303
1985251
1999524
2112862
2113216
2168895
218331
226016
226179
227195
229714
230025
235640
239582
241768
2494550
251588
251951
258191
260203
263950
266957
278763
280482
283396
284972
288760
292641
292956
294655
305381
307790
308718
3454720
3484100
357654
359115
360174
371132
458111
395194
405393
406470
414937
434672
446889
446942
447187
447334
470221
480400
481234
521688
5414327
5451590
602322
627557
692125
692155
7278645
7294630
7320366
8186052
8192292
832082
8369596
867712
8698474
878965
882098
908232
936272
972517
11272395
1158123
1248772
1474673
1544586
1599492
204298
206366
215385
223435
243512
2494618
2589483
262529
280146
295917
299907
374604
509198
509327
509385
509448
5414357
5563749
7927566
801773
2045084
234745
252815
258765
8695123
1625352
240791
474199
10546881
13942603
1545663
1966602
2057255
406482
5827209
5842338
5842348
590548
2054783
206242
259366
2856211
3455475
461440
649573
649658
649705
992202
12518432
809875
221693
351922
373909
551683
5838482
881243
9073116
9073196
9073440
1013027
1239800
1300458
1394509
1397771
1827343
252160
475337
1219792
216238
241429
261677
465867
866675
10311559
1054372
1131693
1131983
1145296
11521668
1159666
1174343
1174537
12255619
1303317
1324190
13612279
13772422
1394054
1421016
14496972
14564285
14709338
3490812
1548449
1554523
777629
368381
1718256
1757063
1823365
1985452
2064968
2066494
207030
2074912
2118503
2120903
2125145
2129016
222305
7339926
253176
274961
2825941
2963276
5907020
3478365
376170
391708
432365
451086
7316942
505753
553083
5563898
576720
5858526
5912759
5956311
5963417
692371
741269
7567988
854081
8705804
899793
1010664
1088374
1256589
1280081
1297287
1461628
1559274
2882031
303665
328532
408213
642549
674887
1168956
1765013
7280544
7280546
8747798
1109493
12316357
13255520
1335725
13614679
2041443
2096537
281410
287509
298983
657621
7504085
7569722
7888294
2494609
2495515
966751
978471
286814
7272585
1117430
239394
3460510
3464725
9205862
1073124
2496515
274973
396936
743729
1299051
2044752
386051
8858211
1239858
2058099
274923
1094132
1278929
1320820
2042112
423822
8254176
930367
10308853
10417958
1370500
1509714
1538380
216990
3451231
10309268
12324726
13556677
2093871
2110169
1142143
14484814
1532738
2077623
230949
284426
938397
1158615
1510469
1820550
208147
2577637
265209
282427
299322
3451551
3463480
5442776
603679
731144
7354942
8523593
909483
1096527
1104683
1260770
2058115
2063369
2128986
2851679
310619
1046866
471827
476421
5831545
695553
7282267
803866
815551
847557
890246
1532645
1030674
1251214
1312299
1538415
1628817
1653412
1653563
1723203
1996196
2053166
2129090
218483
236244
2494930
279072
283437
3458667
5550917
563091
7144754
990641
10509298
1227161
1337440
1486617
261966
3462683
359999
1003807
10323263
10359393
1045768
10540984
10540990
10541007
1065031
1073178
1085590
1094356
1122833
1259878
1264910
1276939
1295297
1351526
1351587
1362057
13736164
13745236
1377188
13801248
13859501
1391964
1405864
1423412
1431626
1458182
1557308
1572245
1587111
1620669
2114750
1658619
1693686
1737632
1759633
1787840
1983517
1993657
2002970
2004471
2044731
2046431
2050665
2050748
205114
205487
2056272
205729
2058103
2058105
2058111
2058113
2058119
2063412
207538
2085011
208622
2087559
2088812
211123
2112870
2114683
2114698
2114808
2116206
2118923
2128883
2150690
220374
223583
224665
226211
231189
2341662
236649
243973
245091
2485671
2495309
254136
258792
2596433
262482
267043
269825
2786135
285131
285181
285507
288416
295370
298088
299051
302183
305459
306551
307719
307794
309481
313562
326733
3473736
3473748
353856
357562
358062
360281
435190
453541
480402
482510
497058
515921
524184
5441713
565851
5832783
5838557
590479
5974534
5974565
5974579
605159
608451
6172996
618244
622217
641097
641521
658583
663706
678325
700029
715804
7275635
747481
775935
778191
8022399
806924
815855
834015
8344880
859179
862555
8738819
8747791
889840
895885
9071015
921828
922917
924201
944500
950726
951242
951609
971636
