13930987
13844864
13929448
4770714
12308850
13585321
13746490
13896433
1595239
1764925
228491
7164869
3471848
1793276
388144
1672980
432365
1281008
13742708
14730493
2825734
7445667
8289512
1754563
2196670
2003014
2760528
1496008
2169975
10599428
12309462
1307859
13741177
14707798
14709032
14730002
14906856
14907191
1798738
2583834
2583891
526048
7918215
7964651
7986155
9529520
962164
2002862
1355551
1539465
938921
1395255
2049586
1376060
1323128
8322233
1356961
1038029
11281061
2137447
331719
528647
10562223
207652
228081
1737110
10237132
1457443
1648631
211571
2582994
10215982
11282406
12647109
1295546
1307727
13664631
13931007
13931071
14887458
14900815
1710504
2177724
2189489
2190580
2207151
2720947
2825880
518471
7405430
7915131
7934860
7967333
8305897
324394
343518
267628
8697630
1364624
9072849
13056269
1203862
1494876
2169966
12518432
8321590
1792055
1340534
1356688
505808
2157472
538983
10370429
1038383
1046586
1090684
1306630
1324921
1472207
450301
14959264
2044216
3464727
641179
7386676
7472703
7906760
3466305
7534822
12285396
12284949
1792888
3456413
692845
592271
1361827
1722352
1752224
2494624
1309519
252659
5833681
1790591
3471841
454305
10418460
1201094
1537178
380564
450263
609068
8035959
814840
7839015
1492260
2497984
1193424
2182501
602322
1339063
2940823
3489420
1044273
1537449
1552256
686764
1069907
13981043
440614
1267568
1282118
1526015
212671
285507
3464733
7997473
1726394
2589537
359189
7321714
227003
2497981
8696539
8914964
1039498
1762054
3475665
7547167
1163484
1248032
301629
359151
8370183
1003867
1392192
1994152
9150278
276941
5974565
1340475
607250
8533819
8533822
889903
11062443
10076586
1033645
12787998
346486
13744903
1378201
1622422
2175784
2186281
263874
2915027
752971
8182399
3456398
3489416
8020176
8021265
10215787
2850687
425121
502633
7548127
8742161
10529315
2067348
227316
3454716
383373
510871
1036268
8348402
10359822
1339090
1374005
1379066
1562278
343293
1455360
1792908
9140087
10287659
1183015
343312
7576307
7928853
7990185
10540982
1110259
1393347
2196832
279925
360343
7482479
8526571
1171139
1792902
2676862
322841
10308853
1312194
13744028
1552273
221693
305381
3486157
477098
10237128
12285329
2182553
291347
602352
701649
7321713
973909
1468348
3486269
360468
10291046
1412460
224129
2496538
598276
10359814
1282055
1360523
506165
5453548
7352093
8369596
8526461
932344
10306905
1181328
1280000
1433406
3490913
9650318
1018392
1282077
1311167
205967
252317
593303
760361
8305869
1010094
1062778
1275226
13056276
1311147
1492281
2180049
306263
422215
518629
579598
5974497
602367
7320387
7450562
8044792
883595
1193270
1314387
1510379
10491266
10512701
10512716
10540973
12306008
1273898
1295588
1456011
1486172
14028023
2017680
206976
208251
225754
229568
236393
236989
239646
278338
295447
313200
555086
7144384
7282259
7321711
7475543
7534189
8070497
8899552
921193
13766539
1432379
1779769
3467108
1221193
1514579
2160329
2182551
2622673
390033
7999162
8322304
8572459
859079
9220306
220161
303951
3464723
7944643
7944648
7944661
12431873
1393423
1544586
1753046
212661
2182503
276191
2838469
2853495
360364
413114
7364538
1104003
2182561
357562
436086
439972
454620
7478326
7651300
1300458
1300505
1519954
2070000
2117917
255705
817241
10298085
1033674
10418447
10440583
10489675
10556644
10559922
1069506
1086949
1163040
12322282
1255371
1286765
13024120
13891908
1596394
2047847
2074769
2074775
358890
2095193
2165227
2187368
225978
2700663
283652
2943913
3481571
353697
448191
448473
456195
508683
5849367
683972
7291105
751956
7564443
769099
8000160
8251671
1165723
2180036
2572415
3454712
843516
905145
10230853
1191301
1233817
1266992
1287028
1418481
1427142
1520123
1583679
1611690
1683728
2112855
2835422
602450
8322191
8348432
847609
9143506
935000
1135220
1716842
3468123
3489439
7993461
1296054
436019
507745
7446166
8156857
817486
8710473
879787
993714
1007249
1044789
10529316
1165255
1182641
13890339
1514686
1599492
1641798
1735113
2182489
507256
5842338
859008
8913527
1001110
10357416
1196358
478698
549529
8385869
1201649
1467109
1520391
358960
7651912
216633
3454648
505345
8053413
8348952
8516225
880574
10430047
1093348
1140674
1273384
547870
7513176
1286954
1392356
1989177
2769413
454463
483650
7278795
732499
9088589
959538
1432307
1580184
257506
553083
8030924
1603970
1025107
1050391
1073124
1130044
1147917
1213282
1242724
1350942
1587615
1597611
1986357
2074307
2113209
2121943
2160309
2160323
216624
2182494
3474336
355587
477697
5962303
614158
675614
729594
7391506
7534818
7986854
859041
859141
920809
969885
971636
10125557
10215842
10220916
10222388
10358341
1039618
1039652
1045768
1051405
1118922
1145221
1150957
1167241
1187734
1195075
1195168
1195359
1243302
1267932
1279305
1284301
1292722
1322999
1350523
1356722
1368747
1369119
1377368
13845272
1496071
1501582
1514914
1526870
1562928
1587861
1590616
1602660
1609598
1629975
1630309
1683981
1829984
2141634
2160320
2169949
2177073
2182487
2182565
2239441
2577929
2648087
2648123
2676861
2721540
286071
295242
299868
312562
314011
3456405
3460884
3462064
3466721
3471859
436000
454593
460342
507308
538484
581431
5845132
590479
604215
675250
7132937
7144539
7275979
7280197
7296087
7297288
7321730
7400611
7651292
7986882
7998724
8020587
8053420
8058213
8158216
8186766
8197127
8325809
8518160
8520044
8692798
8733072
886132
888398
9067163
9072799
916505
940141
955787
958341
9650314
9673105
9677823
9688206
3471856
995924
997263
10268576
1474051
1474241
2746810
3457845
642223
7905323
8058220
1268181
1325028
1653412
2004710
250689
279085
622149
9648350
10265720
11300997
1208465
1823923
1823929
260922
3457849
537845
7548124
822298
857648
8732065
1194826
2182545
226251
2721528
279469
282669
3461580
357622
7581933
7957535
7999126
10323254
10421050
1085566
1086182
11280936
1231281
13024166
1387894
1431384
1461721
1637043
1770723
2064968
2109025
2190221
2207433
249412
2545391
257769
2613835
2622624
2691849
2719039
2891717
344284
5575888
562363
7301731
7516650
7572272
8269425
8347804
852210
8566244
864656
8695469
909430
9130420
9665676
5958486
13914233
7868591
14853380
1735998
8725412
10277536
1808388
2844801
7430957
1168171
2141627
1323415
7928362
2185166
8768330
1342954
965878
324740
324644
10394928
1602836
2137144
216975
3488315
1131393
1540741
2589483
3463480
2178650
1390862
3470326
452475
10132336
1536976
324713
5607542
1286891
1745105
2176324
231982
8310779
1455434
1792746
1161477
1266301
3482323
2882027
231384
3468232
325383
8558495
7543493
8765921
1280081
1010935
1160681
1172373
1815250
1167576
1271944
1358919
1378320
1583334
1712342
2176318
2187305
2495370
2654403
3484100
364480
685824
8039614
8158920
8817224
344127
9153297
10291130
1208472
2196648
333728
3475686
1328481
1080861
1322097
1170406
1178768
1357343
1478678
516626
7554002
8049870
963929
1492257
8297300
1191799
1315154
1330789
1597554
2144044
308649
3476956
3484090
642949
769624
8030922
9153293
958974
960464
9692632
14375721
381309
1025192
1170200
1204190
2165284
2182497
265730
2676768
3455473
3463431
435883
496345
8186049
8236287
8759501
1287569
1647164
460409
503777
552129
611372
7562195
1341133
1357475
1291200
2654622
368695
507339
1042503
8835651
1402110
1383108
1452663
3470319
340000
570752
624559
10357931
1199503
1320036
1460294
1590827
602683
692563
9064313
1330571
221534
405730
2064018
12431901
14109134
1432801
2153877
2682851
3484677
1069242
1106328
1125208
1272106
1493802
1705073
2343822
292409
3484097
3486282
5892388
8197123
8297291
8564704
8786188
8923075
1030639
1044761
1128862
1154909
1158117
1219106
1231621
14141410
14554588
1478856
2074865
244619
2494483
2588588
2730957
2881782
3482626
3492046
423291
5607906
657431
7579167
7920944
8096232
8096738
8203492
872776
8753605
934601
1291157
2085004
8759497
1003199
10237135
10389500
1039150
10404950
10419800
1044665
1076239
1091641
1099137
1129086
1146636
1155371
1170368
1193116
1196622
1215209
12316278
12316282
12596082
1262126
