3477433
10302749
13024123
2150667
2971573
373675
8781210
8931526
1052509
1008435
10092232
1010287
10263290
10268718
10281712
10311556
1034580
1036945
10434064
10434127
1044040
10559923
10737162
1181651
1186258
1203241
1210429
12309113
1235010
12486947
7293951
1317003
1361322
1361491
1429192
511673
1537311
2137447
2147963
2156248
2159302
2191097
511204
5854961
8127205
8335277
1471944
1472207
2825734
389105
448191
7571368
8027782
840687
12776600
1595239
2654600
321845
7352169
7386676
1037883
1038029
1038302
1038551
1174400
1174472
1195552
1198351
1213948
1243508
1322907
13930987
13968581
1452804
1505970
1566104
1658241
1764925
1769924
1829075
1971777
2156315
2685932
2825880
2825925
2906969
2906979
3477445
3481571
3486527
388037
394067
395049
473811
526035
540782
540873
5545919
5545930
7308851
7367647
7489051
7550209
7564499
7571313
7571369
7571373
7652439
7934860
7986155
8028174
8226644
8248722
8305897
840530
8906645
918444
9673980
2971019
2739700
7303681
692845
1129551
381110
2178478
2170476
10283840
10283841
10298085
10298089
10420954
10421074
10434034
10489680
10489681
1174149
1190425
1196563
1196903
12787051
12787998
1324921
1325056
1353327
13891908
13981143
1413950
1429293
1450042
1642968
1992842
2967185
2241139
2170775
2178520
2191059
2191079
2191087
2191479
2191497
2209289
2646370
2814183
331914
338721
338816
3484573
548444
5862028
7571371
7906760
8004347
8127160
8127210
840351
948519
1017645
1019229
10220791
10244123
1026013
1026043
1027634
10280584
10280585
10291858
10291861
10291864
10298081
10304680
10304689
10315798
10370429
10415276
10415278
10415282
10418419
10420150
10440311
1047741
10480193
10529095
10556640
10556780
10559876
10559909
1058145
10737155
1075466
1088039
1090700
1120033
11302395
1150604
1167611
1172919
1173992
1178616
1477504
1190558
1198699
7895124
1221014
12271182
12309125
12338232
1240767
12419641
1249221
13939629
1268610
1284062
1297546
1301850
1319419
1352174
13673606
1367936
13692226
13714069
13769753
13773077
13891768
13939625
13968419
13968978
14015840
1423302
1451097
1472929
14734788
1475713
1483039
14891140
1511879
1573472
1574050
2175242
1631912
1643795
1645341
1653777
16573269
16676814
1689476
17385428
17452615
1750415
1756477
17656312
17756975
17762048
17904144
8043841
18042032
18098154
18130489
18303706
18639602
18801983
20402489
2147959
2151665
21695879
2174991
2178467
2190712
2197069
2219629
2238918
2239394
2239434
24611710
2570759
2578535
2590078
2613576
2613820
2613828
2654673
2666527
2717515
2769073
2855931
2897852
2897922
2924017
3488300
348900
427138
488469
562577
5833901
5883308
696944
697401
7294585
7371175
7371626
7371630
7379997
7396612
7491034
7519541
7521807
7536223
7545823
7574147
7659274
7670582
784575
7918174
7930538
7998411
7999020
8000172
8030549
815222
8207419
8213961
8273882
8316231
8321607
841110
8459859
8518046
8556791
8558414
8770728
8841105
9138435
9648793
9919883
10316235
1168540
1194760
13973141
2583790
516294
7384465
7396626
7478529
7904723
1323128
8697630
1000425
1001522
10040468
10041280
10042241
10043851
10043869
10043871
10043873
10043880
10044221
10045086
10045822
10046289
10046808
10046825
10046988
10047288
10047811
1004781
10050272
10050987
10051833
10051839
10051844
10051851
10069440
1007848
10104641
1012522
1014117
1014389
1019760
1020767
1020903
1020929
1020941
1020994
10217666
10217874
10217916
10218242
10218885
10218964
10220876
10220927
10221020
10221022
10221023
10221025
10221027
10221029
10221030
10221031
10221033
10221035
10221036
10221037
10221038
10221039
10221042
10221043
10221045
10221046
10221048
10221061
10221068
10221070
10221077
10221078
10251092
10251093
10251094
1025366
10258088
1025968
1025985
10263276
10263277
10263278
10263280
10263282
10263283
10263284
10263285
10263286
10263288
10263289
10263291
10263292
10263309
10265709
10265710
10265716
10265717
10265721
10265724
10265725
10265726
10265727
10268719
10272255
10273580
1027993
10281605
10281607
10281853
10281858
10281859
1028275
10283837
10283839
10290021
10290024
10293106
10298084
10298087
10298088
10298248
10298251
10301863
10301870
10302747
10302750
10302751
1030382
10304844
10304845
10304846
10304847
10304849
10304850
10304851
10304853
10304854
10304855
10305464
10305476
10311282
10315789
10315790
1032167
1032210
10322450
1032362
1032430
10365866
10336788
1033728
1034282
1034419
1034520
1034700
1034771
10348185
10348219
1034860
1034917
1034939
1035210
1035291
1035736
10365860
10365861
10365862
10365863
10365864
10365867
10365870
10365871
10365872
10365874
10365876
10365877
10365878
1036979
1038614
1039396
1039938
1040541
1041190
1041216
10415274
10415298
10418210
10418211
10418214
10418215
10418216
10418218
10418219
10418220
10418221
10418222
10418223
10418225
10418226
10418229
10418391
10418394
10418397
10420943
10420958
10420960
10420962
10420993
10421059
10421060
10421061
10421062
10421063
10421064
10421066
10421067
10421068
10421069
10421070
10421071
10421072
10434039
10434042
10434052
10434123
10434125
10434131
10434229
10434230
10434232
10440668
10440669
10440670
10440671
10440673
10440675
10440676
10440677
10440678
10440679
10440680
10440683
10440684
10440686
10440687
10440688
10440689
10440690
10440691
10440692
10440695
10440696
10440697
10440698
1044208
10444273
1044707
1045113
1045400
1045450
1045471
1046239
1046295
1046382
10477042
10483920
10484019
10484020
10484021
10484022
10484023
10484024
10484025
10484026
10484027
10484028
10484038
10484044
10484045
10489673
10489678
10489682
10489684
10489685
10489686
1050341
1050415
1051124
1051383
1051941
1052292
1052530
1052549
1177013
1052705
1052758
10532982
10538873
10538892
10538896
10539051
10539094
10539095
10539096
10539097
10539098
10539099
10556823
10559855
10559895
10561783
1056706
1059378
1060771
1063624
1063833
1063852
1066442
1066474
1070229
10707474
1072307
1072405
1072428
10736140
10736141
10736145
10736148
10736151
10736153
10736155
10736159
10736162
10736167
10736168
10736173
10736175
10736177
10736178
10736180
10736182
10736183
10736186
10736188
10736257
10736258
10736759
10736968
10737077
10737167
1077262
1078442
1078470
1078553
1078576
1078599
1078630
1082614
1082872
1084825
1085334
1085372
1085481
1104783
1105017
1110668
1110809
1111223
1111293
1118796
1119949
1120184
1120210
1121173
1126273
1126330
11279383
11279528
11280237
11280521
11282813
11286868
11286877
1128865
11288836
1128934
1129173
11300636
11302577
1130695
1132157
1132180
1132200
1132243
1132299
1132333
1134781
1134842
1134889
1134951
1135061
1135444
1135617
1136409
1136613
1140999
1141165
1141242
1144948
1144971
1145569
1148775
1149028
1153267
1153450
1153479
1153538
1153580
1154736
1154761
1154841
1155054
1155410
1156167
1156190
1156921
1156946
1157328
1157375
1157503
1158229
1159123
1160054
1160119
1160126
1160166
1160194
1160258
1160432
1160511
1160724
1160736
1161316
1161352
1161428
1161545
1161620
1162224
1162817
1162977
1163824
1163916
1164727
1164916
1165190
1165489
1165523
1165810
1165824
1165911
1165987
1166017
1166062
1166142
1166821
1166982
1167030
1167119
1167167
1167309
1167448
1167916
1168144
1168467
1168560
1168581
1168595
1168601
1168629
1168635
1168656
1168677
1168709
1168737
1168761
1169408
1169565
1169910
1170019
1170100
1170769
1170782
1170869
1171165
1171209
1171428
1171534
1171703
1171736
1171781
1171818
1171857
1171880
1171908
1171984
1173646
1173662
1174029
1174302
1174343
1174537
1174827
1177035
1177071
1177273
1180638
1181009
1181175
1181192
1184935
1185022
1185048
1185399
1185816
1185878
1185898
1186627
1186657
1186671
1187771
1187817
1187859
1189174
1189244
1189276
1189798
1189920
1190379
1190622
1191400
1191470
1192245
1192289
1192360
1193154
1194457
1194538
1195465
1195717
1195831
1195954
1196386
1196410
1196535
1196561
1196642
1196699
1196997
1197023
1197871
1197886
1198002
1198285
1198320
1198336
1198372
1198392
1198475
1198556
1199788
1199893
1199904
1201020
1201234
1201498
1201974
1202073
1202141
1202149
1202424
1202900
1203551
1203881
1203907
1204219
1204282
1204351
1204358
1204451
1204512
1204667
1208285
1208310
1208433
1208533
1208550
1208573
1208606
1210446
1211435
1211645
1211729
1211886
1211896
1211988
1213047
1216362
1217050
1217190
1217313
1220072
1220094
1221224
1221656
1222430
1222527
1223312
1223355
1223771
1225878
1227403
1227487
1227519
1228556
1228606
1228675
1228778
1230100
1230208
1230232
1230719
12309108
12309109
12309117
12309121
12309123
12309127
