3456002
10288839
1204225
1204263
1428574
1473424
2665371
2750750
2789065
7998428
10288840
10297377
1157032
12647166
2613532
2613548
2631174
2649514
2736846
2807836
2808062
2853139
2881348
3456007
3457148
3474451
3478468
3482180
3489261
7537743
7554084
7652088
7652092
7898267
7905026
8007648
8007650
8067859
8076527
8112956
8113157
8196148
8201124
8213323
8226645
8226646
8262213
8262242
8530087
8538746
8542060
8845383
8973380
9910623
10078535
10089543
10094158
10105177
10113533
10213953
10214220
10216611
10216617
10218782
10221621
10221744
10222808
10223396
10225205
10245967
10258618
10259120
10261192
10267862
10267863
10272384
10297374
10297434
10297797
10300324
10301723
10323269
10336877
10344345
10457541
10471599
10472209
10472501
10472870
10559877
1058145
1058177
11276610
11277182
11279838
1156813
1156852
1172226
12309242
1269206
1288633
13004496
13004532
13020025
13039859
13701415
13702548
13702549
13805396
13891860
13970688
14444852
7165820
1465661
1473455
1473469
1473489
14863999
1493610
1595329
1635844
1704078
2218227
2235931
2583111
2588762
2594894
2594915
2595308
2613275
2613341
2613599
2623278
2627137
2629202
2630540
2630541
2630542
2631079
2632308
2634721
2635364
2636041
2637022
2638103
2638211
2638276
2643306
2643308
2644511
2649499
2651023
2659499
2659514
2660594
2665277
2670724
2674870
2677336
2677352
2719693
2722764
2724492
2736716
2737893
2750806
2771869
2792043
2818108
2823654
2825609
2826729
2852802
2852848
2852888
2854369
2858122
2876259
2881702
2890021
2899033
2907075
2937095
2939552
2967125
2967770
2969575
2971622
2972710
315680
3457142
3457146
3458709
3466637
3469102
3469103
3475033
3476567
3485979
3489339
3491226
402228
506814
534515
5491659
630896
667942
7166316
7293289
7315456
7396152
7402642
7412974
7422841
7438313
7450846
7450848
7491037
7519018
7521574
7521837
7541805
7542156
7547717
7554087
7563595
7565870
7565872
7565900
7567874
7652095
7659463
7659471
7879460
7879463
7879464
7879466
7879467
7879468
7888993
7898237
7898405
7900715
7922745
7990465
7991399
7991403
8007647
8007649
8007651
8007652
8007655
8007656
8020673
8028053
8037053
8045599
8067870
8067888
8084079
8091197
8107198
8109863
8113159
8144759
8148291
8161987
8164206
8171019
8171027
818833
8192681
8193983
8196144
8196146
8196147
8200978
8200984
8207213
8209192
8209593
8224062
8231481
8244641
8244893
8248663
8257623
8262202
8262436
8263252
8263752
8265392
8266322
8316215
8326448
8326655
8337851
8340361
8392716
8513794
8518089
8523858
8523863
8523864
8523865
8530086
8567825
8568881
8734733
8734735
8764270
8764341
8765355
8765828
8789784
8853885
8860629
8867034
8872473
8900640
8920770
8940820
8958102
8958103
8958104
8958120
8966508
8973323
9088868
9147524
930964
9670864
9896400
9910177
1385473
2649356
2765228
2881577
541244
9089387
1259606
1146106
253176
2590170
2765281
3491952
8582893
8720386
