291565
209152
313037
278492
238917
1010843
1312310
257431
247529
223919
311275
272794
273187
774943
985664
1208295
1208240
253261
416815
1075568
1172039
2088300
253760
380695
514264
1114903
1128368
915927
1538966
1049241
343702
380670
1100193
1235840
2064062
223912
786132
902101
930441
435154
1010890
1172378
1290186
2087419
2087420
231448
253716
261405
275339
284205
289175
296977
541812
827775
906623
920217
931799
971739
1071636
2086651
2088298
1409931
2075351
2088295
2088306
915908
2088311
2088313
2053103
2064099
2088293
2088297
2088302
2088304
2088308
2088310
2091066
2092866
2118272
5910249
498885
1209208
758055
982962
982989
2054981
14473917
14474206
2064107
2091050
2091052
2091054
2091062
5838225
5907717
5958234
1549427
244689
298318
428815
930410
457228
844991
1528489
1172322
909155
2086653
2094229
2122661
