10324664
1051479
12259436
13024805
13988775
13988777
13988782
13988784
13988786
13988790
13988793
1719704
17746847
13989891
1973022
20354499
2596376
29394516
296696
332383
3464148
379583
390981
585198
585219
5965762
7280623
7280647
782195
7926593
7926599
9921852
259161
13988772
7280635
13024508
300804
1054247
7477755
8930514
7888742
282901
1162834
1248710
1385713
8199438
1248737
7319511
7319516
931380
1051503
1084367
1121711
1385738
7319510
7319515
931392
1054234
7319513
7319514
7319517
10737162
7280630
235874
7991345
2269946
13992445
541244
8558841
9923554
9924144
2189682
10302748
1205691
8882271
13986810
7926592
1074393
10358445
1191265
14959102
331719
7318712
8035133
1668951
215992
10255197
10268644
10297806
10331626
10559881
11277307
11286269
1209418
1356542
13673608
14892080
1608530
2596321
2606478
2970902
7281971
7417947
7490123
7579412
7814915
8301867
882742
9728283
10284008
10284009
10284010
10284011
10284012
10284013
10284014
10284015
10284016
10284017
10284018
10284019
10284021
10301840
10467519
1130756
1154815
1154885
1154914
1155046
12259990
1280096
13024538
13024550
13024564
13024591
13024699
13024719
13024783
13986613
13986625
13986808
13988532
13988572
13988779
13988788
13992447
1589993
1590017
222620
2270757
2270759
2270760
256957
350210
5606620
5606774
5666690
602569
602598
602652
602674
602718
602746
602755
602789
602799
7272258
7272261
7272272
7272276
7272284
7272286
7272397
7272399
7315984
7316030
7317056
7317068
7317083
7319460
7319619
7319639
7319805
7320870
7329268
7394711
7653975
7926594
7926595
7926596
7926597
7926598
7926600
7926602
7926603
8035120
8035121
8035122
8035123
8035124
8035125
8035126
8035127
8035128
8035129
8035130
8035131
8199430
8199432
8199434
8199435
8199436
8199439
8199440
8199441
8558835
8558836
8558839
8558840
8558842
8558843
8558845
8558846
8761324
8778367
8797045
8809310
8809311
9678589
9680238
9685749
9695734
9701270
9715591
9725230
9921301
9921494
9923405
9923681
9923849
9925133
9925794
7471919
10365866
1764643
7659490
1198336
1232643
13968581
8930499
1984512
1232360
2728148
2728151
279509
286372
707389
953287
1160112
7322506
7317367
2343788
3465077
5959570
7281849
8096255
8127210
976555
7280625
13989896
1361957
2677305
8823913
8920459
10736155
1210429
13731606
7376587
253261
10466760
10466805
10466817
10466823
10467549
10467559
10467606
10467618
10467660
10467683
10490149
10490151
10490160
10490164
10490180
10490184
10490188
1098438
1098452
1098464
1098478
1101317
1101335
1101360
1111322
1130740
1166961
1208018
1208046
1208059
1208069
12259548
12259688
12260059
12260144
1255742
1255785
1255832
1258458
12647287
12647291
12772292
1279772
1279790
1279818
1279826
1279850
1279895
1279965
1294602
1294624
13024446
13024448
13024459
13024664
13024743
13024763
13024825
1311483
1311516
1311575
1311599
1311906
1312624
1312800
1313242
1313289
1313343
1329813
1329921
1330003
13897181
13897224
13917608
13917611
13917618
13917625
13917630
13917642
13917723
13986585
13986588
13986590
13986592
13986594
13986596
13986598
13986600
13986602
13986604
13986606
13986610
13986615
13986617
13986619
13986621
13986623
13986627
13986631
13986633
13986635
13986637
13986645
13986647
13986649
13986651
13986655
13986657
13986661
13986663
13986665
13986667
13986669
13986671
13986673
13986676
13986679
13986682
13986684
13986686
13986688
13986690
13986692
13986694
13986697
13986699
13986701
13986703
13986795
13986798
13986800
13986802
13986806
13986812
13986814
13986816
13986818
13986820
13986899
13986901
13986904
13986906
13986918
13986920
13986922
13986924
13986926
13986928
13986930
13986932
13986935
13986937
13986939
13986941
13986944
13986946
13986948
13986951
13986953
13986955
13986957
13986959
13986961
13986963
13986990
13986992
13986998
13987006
13987008
13987985
13987987
13987989
13987991
13987996
13987998
13988000
13988002
13988006
13988008
13988010
13988012
13988014
13988017
13988020
13988022
13988024
13988026
13988028
13988030
13988032
13988036
13988094
13988096
13988098
13988100
13988102
13988104
13988106
13988108
13988476
13988478
13988480
13988482
13988486
13988488
13988490
13988492
13988494
13988496
13988498
13988501
13988504
13988506
13988508
13988510
13988512
13988514
13988516
13988518
13988522
13988525
13988528
13988530
13988534
13988536
13988538
13988540
13988542
13988544
13988546
13988553
13988555
13988557
13988559
13988563
13988566
13988568
13988570
13988574
13988576
13988578
13988580
13988582
13988584
13988586
13988588
13988593
13988595
13988597
13988599
13988601
13988605
13988608
13988611
13988615
13988620
13988623
13988625
13988630
13988637
13988641
13988644
13988647
13988650
13988655
13988658
13988660
13988663
13988668
13988672
13989823
13989827
13989834
13989837
13989839
13989841
13989965
13989967
13989970
13989972
13989974
13989976
13989979
13989981
13989983
13989986
13989988
13989990
13989992
13992417
13992419
13992421
13992423
13992429
13992432
13992434
13992438
1427584
1427602
1513677
1609669
1609678
1615052
1622357
1622384
1662948
1691782
1691790
1691814
1691821
1693595
1734055
1734072
1815863
1815873
1815890
1815944
214685
214700
2175315
2175317
2175319
2175324
2175327
217962
217969
222858
224452
224480
225105
230208
231130
234199
234560
236373
237170
238919
239109
243450
245268
258821
259093
263273
2649356
2649499
2649514
2649547
2649571
2674721
2674806
2674858
2702630
272134
274565
2752629
2752640
2752668
2752688
2752701
2752707
2752741
2752752
2752764
2752767
2755356
2765225
2765247
2765249
2765258
2765301
2795684
2795725
2795739
2795752
2795839
2795845
2795901
2796010
2796015
2796323
2796327
2796582
2807836
2808062
2808184
2808487
2818337
2818423
2818497
2818531
2818620
2898974
2898990
2970292
2970328
2970347
2970367
2970398
2970510
2970524
2970527
2970529
2970532
2970571
2970629
2970705
2970889
2970890
2970910
2970919
2970928
2970969
2971694
2971709
2971712
2971713
2971732
2971747
2971851
356476
356516
356666
356730
356840
364441
364480
364496
364573
372932
399978
400085
401322
434238
434278
434303
532953
5688033
650854
694882
7315723
7315769
7315817
7315974
7316122
7316178
7316203
7316430
7316617
7316881
7316997
7317008
7317062
7317073
7317075
7317081
7317219
7317343
7317355
7317804
7317809
7317830
7318399
7318489
7318495
7318505
7318719
7318769
7318807
7318862
7318996
7319039
7319420
7319446
7319486
7319519
7319593
7319645
7319852
7320632
7320857
7320879
7321255
7322269
7322427
7322462
7322478
7322492
7322524
7322542
7322551
7322573
7322601
7322627
7322646
7322664
7322689
7323202
7324366
7324427
7324505
7324506
7327574
7327638
7327676
7327689
7328086
7328152
7328430
7328550
7328687
7329049
7329256
7329257
7329259
7329260
7329262
7329264
7329265
7329266
7381678
7394886
7395283
7395355
7396520
7396720
7396819
7396954
7397175
7397274
7397433
7397603
7398321
7398893
7399053
7399208
7411496
7411934
7412147
7413652
7414714
7420135
7421267
7421826
7422145
7422436
7422764
7423972
7432742
7435407
7438067
7511716
7511717
7511718
7511720
7511721
7511722
7511723
7511725
7511726
7659481
7659482
7659484
7659486
7659488
7668437
778530
7794743
7794744
7794745
7794747
7794749
7794751
7794752
7794754
7888736
7888737
7888738
7888739
7888740
7888741
7888743
7888744
7888745
7888746
7888747
8009846
8009847
8009848
8009849
8009851
8009852
8009853
8009854
8009855
8009856
8009857
8009858
8009859
8009860
8009861
8009862
8009863
8009865
8136212
8136219
8136224
8136240
8136242
8136244
8468195
8468197
847861
8555488
8555495
8692746
8778052
8780600
8787676
8798850
8804929
8820416
8826304
886733
886749
9088728
9089349
9089387
9089388
9089394
9124486
9124639
934737
9679514
976578
976606
976640
10737155
13000334
1414407
1414452
1555951
476138
216343
243853
256402
2690410
618175
7552876
385050
10261557
2186281
460201
539726
7384455
223912
13844811
7651944
8239232
10092232
10272443
10280380
10305461
10305463
10531348
1280781
13871842
13871878
2189692
2605901
2691850
2713098
7358534
7490131
7521807
7568996
8258641
9882175
9882177
10421068
1185898
541381
7427564
275919
1154736
12322282
1233233
13024123
13891908
14824397
7490072
7280638
1385923
313775
253410
2343784
399046
7280645
970403
234757
10358025
13989903
3457200
3471971
7652446
213766
306548
217989
325069
3475665
324979
325428
209111
3464147
1201050
274469
1988905
1007164
1008435
10220918
10227075
10263277
