13969001
5469870
8569268
10232653
10651366
2799714
2889168
10094158
10219691
10230934
10258288
10297790
10475167
10484654
10559474
10561403
11282042
12271198
12637571
12637573
1335115
13703305
13968986
1469197
2559800
2585282
2630575
2637458
2654328
2699751
2723273
2731388
2772573
2844440
2880837
2948685
2971245
3454727
3471975
3473717
3474339
3487659
357772
437999
5504949
5540751
7541224
7895663
7981552
8049992
8053388
8086291
8512267
8538745
8686083
8724727
8746819
8749569
8754389
8754394
8757608
9124724
9346724
9406711
9688673
9691591
1496008
3466305
1602836
1793276
450301
8697630
1181328
1994152
2169966
2196648
2196670
228081
3468123
686764
7547167
1831522
1160681
1393423
1000507
1103641
1254555
1262126
1439349
1986357
209483
2582994
445270
603166
603184
605257
636140
636255
674887
713312
7272630
801773
804712
906290
9129665
935538
938358
958316
5735784
5735798
7944643
7944648
7944661
13981043
1795267
2054849
245231
398659
1074820
1124609
1372042
2063369
220903
347326
1309519
2838469
1087864
1600474
2071130
391437
482832
7353284
893106
2059925
8081003
10540973
1410539
452475
465179
435707
7320372
735783
837555
3457845
962657
10517909
1063895
12280013
13665618
13794093
14459955
1604524
229389
359851
8385869
