7918213
7918218
9064319
9064366
2599942
2628484
2969183
352779
8906374
1266781
14668641
2270221
2899286
8071420
8541235
8710524
8819434
9064414
10297485
12951982
12951984
12951991
2544168
2627102
2713765
9688673
5588886
1490216
326585
1394054
331719
10232502
1154885
1255888
1373490
1393304
13968590
1714626
2164827
2174980
2174982
2274799
2620893
2620970
2828054
2900153
3458622
3470501
3484886
413410
413673
551177
684210
7293118
7427321
7429183
7432852
7518802
7574120
7888736
7917327
7918221
7941973
7943601
7989404
8061510
8079922
8097761
8097762
8097763
8097769
8140441
8264006
8551173
8698537
8715571
8788122
9064075
9064561
9064748
9696657
9882174
10415269
1208550
13005396
1338126
1349525
13685350
1780209
2149516
7376587
7888742
7888775
10094397
10358430
10603135
2842357
10749054
12951986
14952977
1592359
2810065
2543911
2578287
2586859
2596282
2625730
2628464
2628687
2628809
2692322
2692447
2713811
2845000
2902610
2917878
7513005
7515588
7518991
7578831
7579196
7900449
7986931
8088900
8239231
8239232
8249739
8286419
8693078
13024805
10315816
1033728
10420150
10559858
10737162
13726860
13812225
1634468
2241139
2654600
331656
331822
7427564
7524228
10041280
10046825
1007164
1008435
10225223
10232683
10261568
10263277
10263280
10268718
10285185
10298082
10304845
10306989
10315782
10323269
10349424
10418447
10420948
10440671
10440698
10455754
10479777
10484020
10484023
10484025
10484027
10484038
10539146
10556654
10559876
10559895
10559922
1061293
10736140
10736141
1083306
11281622
11286160
11288836
621407
1145760
1154736
1170100
1171763
1196410
1198336
1205691
1212415
12309119
1233233
1233391
12359585
12514671
1255371
1272397
1286765
1313970
1318968
1324579
13726878
13919167
13942275
13964461
13968976
1478441
14824578
1508955
1606961
1608170
1698064
1734183
1774067
1992842
2003008
2143735
2159271
2159275
2159291
2972759
2967185
2800475
2159389
2165774
13692226
2179579
2179591
2191077
2191097
2191102
2191538
2210246
2642425
2743454
2775811
2814832
2816618
2941716
2966379
2967034
331750
331856
331914
3481255
3481261
3481571
3488300
3491952
356051
456195
504079
558324
705684
7170049
7170717
7171004
7293986
7359083
7386605
7413123
7425603
7431176
7435903
7574147
7888666
7926514
7928792
7932844
7964651
7997163
8000160
8000168
8011613
8523368
8563509
8757608
929429
332340
7386142
7999281
7918219
1154815
5606774
10043838
10044221
10045086
10046808
10047165
10048613
10050272
10103655
10104641
1012573
1013310
1017645
10213792
10214027
10215974
10216594
10217666
10220735
10220746
10220840
10221019
10222365
10224600
10224717
10225205
10225332
10225336
10225349
10225466
10225484
10226550
10232147
10232149
10232726
10236316
10236637
10236639
10236645
10237112
10237116
10241248
10241255
10251683
1026235
10263285
10267902
10268644
10272230
10272372
10272386
10272443
10272483
10272484
10272489
10273082
10273083
10273087
10273091
10277321
10280378
10280379
10280572
10280581
10282036
10284209
10289301
10289304
10291871
10297788
10297790
10297806
10297817
10297818
10302236
10302411
10304850
10305450
10305451
10305455
10305460
10305463
10306997
10311564
10314135
10315776
10315815
10322415
10323278
10325066
10331635
10349117
10349120
10358182
10358220
10358261
10358429
10358431
10358433
10358966
1040541
10415290
10415306
10418210
10418215
10418223
10418226
10418346
10418514
10420096
10420920
10420922
10421032
10421049
10421050
10421056
10421129
10434535
10434566
10434578
10440684
10440689
10440832
10440846
10470715
1047741
10480202
10484045
1052521
10539409
10558236
10558237
10558240
10558241
10559471
10559860
10559867
10559878
10559885
10559905
10559909
10559920
10560025
10561643
10561654
10651997
1070223
1070396
10707192
10707482
10707765
10710010
10710011
10736173
10737081
1080776
1083060
1084825
1098064
11058438
1111055
11129079
1119363
1123111
1123240
1123412
1126330
11276698
11277113
11277133
11277307
11280670
11282245
11282711
11282898
1134951
1137588
1143035
1154761
1154841
2816813
2778028
1160803
1163257
1176152
1176269
1178616
1181762
1182042
1182521
1189244
1190273
1192276
1192424
1194184
1195954
1196535
1196561
1197695
1201020
1201234
1202424
1207066
1209418
1210446
1223312
1223771
12308778
12338041
1234818
1235631
1237722
12433072
1244129
1247076
12512406
12639499
1269233
1269489
1269767
1274891
1276899
1278224
1278416
1280761
12816228
1286820
1290822
1293027
13005026
1301542
1306166
1307002
7293951
1324037
1332133
1332344
1332474
1332529
1350977
1356542
1365027
13673606
13673608
1368641
13692641
13693419
13701867
13702165
13702543
13714516
13733319
13733373
13738699
1375502
13764379
1376621
1379673
1381154
13853078
13878816
13896546
13896554
13919178
13919673
13929485
13951745
13952447
13964459
13966735
13966832
13966836
13966894
13967108
13967152
13967157
13967553
13968199
13968419
13968979
13968980
13968982
13968983
13968988
13981583
13983366
13983382
14000798
1404474
1425260
1441877
1467773
1467859
1477723
1484929
14858654
14861152
14861160
14863925
14874661
14884471
14891053
14891462
14892076
14892088
14892266
1490835
14943457
14944929
14952924
14952971
14952996
14965304
14970326
14970456
14970471
14970479
14970645
1502295
15025643
1522760
1540703
1548827
1551643
733751
1567720
1575410
1577818
1579202
1583041
1592244
1592328
1592428
1592506
1600484
1603831
1606960
1607627
1608115
1608144
1608191
1608445
1613474
1621736
1645296
1648444
1649058
1664947
1671593
1684978
1685428
541833
1713253
1718800
1720039
1725892
1728826
1732890
1737302
1737730
1746093
1755309
1756478
1757209
1760719
1760733
1760803
1760886
1800611
1812325
1828309
1833585
2149638
2151900
2158121
2159257
2159277
2159283
2159289
2159293
2159302
2159312
2160350
2161771
2161961
2162297
2162308
2163309
2163342
2164212
2164239
2164249
2164253
2164255
2167468
2171668
2175800
2177697
2177707
2177708
2177759
2177730
2177757
2177842
2178467
2180010
2180019
2181576
2181587
2181592
2181594
2181597
2183610
2183619
2183621
2187656
2188872
2192029
2196156
2196534
2196538
2197545
2199798
2199814
2199817
2202766
2204902
2207392
2207425
2208086
2208097
2209534
2209551
2209565
2210224
2213726
2213730
2227907
2233046
2239467
2240077
2456667
2542709
2542767
2545194
2545245
2550451
2550705
2559853
2572364
2573757
2573825
2578385
2578535
2585282
2590146
2595264
2595346
2596347
2609550
2610577
2613625
2616487
2617146
2618645
2618885
2634724
2640844
2642393
2644286
2647218
2647338
2647342
2647361
2647974
2647977
2648055
2649657
2666657
2667383
2668186
2676437
2676444
2682906
2684000
2691721
2691765
2691821
2691849
2691883
2699179
2699197
2712303
2725446
2725520
2732906
2735602
2735692
2742634
2745817
2746459
2750308
2751996
2753511
2753685
2755424
2756185
2756657
2766428
2770296
2772417
2775752
2779382
2779497
2782614
2782623
2782755
2782848
2789065
2801651
2803193
2809176
2810908
2811872
2812301
2816458
2816588
2816603
2816665
2816756
2817087
2817116
2838725
2839066
2839335
2842417
2847074
2849347
2849505
2855660
2856254
2863354
2881117
2882193
2884565
2897794
2904967
2905652
2906798
2909524
2912901
2916147
2918294
2924403
2943786
2955723
2956507
2966730
2967216
2967460
2967609
2970571
2970902
2971019
2971709
2972589
2973017
2973090
317351
322533
331153
332226
335563
343173
3456786
3461482
3465095
3465099
3467892
3469189
3469541
3477431
3477437
3479030
3481284
3485248
3488330
3488978
349151
3491954
369372
377093
393073
401702
407021
410108
410471
410551
422028
436524
438242
439004
457603
478449
480839
485012
485637
501903
501990
502094
503068
511726
512301
520114
525786
526035
532260
542830
551046
5525884
5525892
552939
5543033
5543042
562363
5668236
5683830
568933
600715
626017
637927
646349
651098
687112
7167199
7167710
720526
720738
7281971
7290910
7291825
7292974
7293064
7293859
7293916
7294440
7295449
7295456
7344192
7344656
7345247
7348876
7349883
7352386
7352390
7354583
7355294
7358877
7359086
7366514
7366525
7367829
7377412
7380297
7382368
7383821
7390224
7396626
7397232
7398261
7399012
7400095
7400194
7400268
7400282
7400541
7400742
7401427
7402104
7404119
7404136
7404719
7404787
7405030
7405619
7407312
7411835
7413502
7415758
7427773
7435009
7435587
7442153
7456045
7458309
7459289
7459695
7477840
7478090
7482474
7485233
7490117
7490123
7490137
7491034
7491501
7497289
7499058
7499427
7502642
7502763
7508797
7509464
7509466
