1057541
1629965
10290409
307253
1466778
1510026
290342
10288064
1392029
984837
276890
10233429
1055502
2062851
286650
517338
2062859
762125
2486039
280298
551186
5541286
2486121
279755
1464131
5541284
5541288
1154782
746616
1049731
1191366
1231657
1320219
1712119
253183
264446
530938
531076
1334800
218100
204421
2063492
850127
1250716
2064530
1126607
1450357
2062831
2062845
5912639
358705
5541272
2062856
5541261
7374498
210113
215438
224059
250837
1580007
1510258
1242033
353957
550074
1289662
1362303
1580262
1580384
242573
288424
594295
704833
927336
1454263
1580101
1580190
1711067
2090647
213807
236617
277764
291691
595893
627134
638082
810380
985191
1588402
226969
299980
312528
406875
219763
1000039
1000071
1000084
1000317
1000330
1000347
1000475
1000573
1000660
1000678
1001245
1001273
1001290
1001455
213694
1012014
1012031
1012092
1016369
1028305
10287904
10288202
10290160
10291165
1029933
10308705
10309043
10309209
10309591
1032466
1034575
10502899
10504978
10505357
10505361
1989001
1051079
1051174
1051375
1052136
1055744
1071170
1072655
1086307
1089601
1089737
1090685
1091000
1294401
1471326
1102036
1490740
1102164
1102294
1111755
1114035
1120513
1121221
1121363
1121416
1121464
1121755
1121908
1121957
1122011
1122355
1122392
1122634
1122661
1124830
1125572
1125826
1125913
1125995
1126370
2128517
1126747
1127306
1127329
1127381
1127424
1127450
1133277
1141505
1141546
11446903
1153767
1153844
1153881
1153953
1305567
1154260
1154403
1154971
1154994
1158446
1158769
1163000
1165136
1166377
1190031
1190081
1190188
1190222
1190281
1190300
1190709
1190765
1191313
1191361
1191483
1230041
1230379
1230402
1230492
1230546
1230560
1230610
1230949
1231029
1231648
1231706
1231850
1231896
1235274
1235285
1235401
1235586
1235605
1235698
1235956
1239311
1241981
1242310
12426795
1242878
1247330
1248094
1249328
1251067
1259649
1260240
1261363
1276915
271206
1264536
1276404
1276479
1276964
1276991
1277019
1277399
1277427
1278468
1278491
1278552
1278609
1278792
1278936
1278994
1279149
1279598
1279629
1280305
1281313
1281344
1281415
1281422
1281457
1281563
1281621
1298104
1304886
1304936
1304969
1305276
1305669
1309605
1318380
1318795
1318881
1318901
1318963
1319020
1319346
1319371
1319501
1319544
1319719
1320163
1320197
1320320
1321500
1324439
1324494
1324520
1324561
1324603
1324651
1328696
1329129
1329307
1329333
1329355
1334627
1334693
1334723
1334758
1343968
1346285
13583932
13583936
13583940
13583955
13583975
13583979
13750244
13748429
13749735
13750414
13750499
13750593
13750595
13750635
13766812
13766823
13766828
13766836
13766844
13766855
13766862
13766868
13766875
13766888
13766929
13766934
13766947
13766953
13766969
13766975
13766991
13766998
13767004
13767011
13906801
1390791
1391836
1391870
1391888
1391919
1391933
1391955
1391986
1392000
1392039
1392413
1392437
1392463
1392484
1392510
1392542
1392566
1392589
1392620
1392639
1397502
1403131
1407565
1407582
1409513
1409535
1409551
1421356
1422269
1422316
1422335
1422376
1422421
1422431
1422450
1422624
1422643
1435951
1449760
1449774
1449950
1449965
1450279
1450320
1450927
1450983
225292
1452099
1452120
1452147
1452168
1454196
1454214
1454224
1454282
1454295
1454321
1454334
1454369
1454409
1454432
1454536
1454552
1454622
1454640
1454670
1454678
1454703
1454721
1454732
1454747
1454778
1457761
1458201
1466618
1466835
1466910
1466974
1467027
1467077
1467132
1467205
1470107
1470151
1470196
1470260
1470293
1470409
1470428
1470487
1470534
1470581
1470634
1470681
14849209
1471201
1471261
1471382
1471425
1471509
1471547
1471565
1471631
1471681
1473126
14733230
14733245
14733253
14733273
14733280
14733289
14733302
14733630
14733646
14733672
14733678
14733684
14733690
14733696
14733703
14733709
1473371
14733715
14733753
14733778
14733788
14733798
14733809
14733829
14733837
14733843
14733850
14733856
14734171
14734179
14734185
14734191
14734197
14734203
14734209
14734215
14734221
1473543
1473661
1473853
1473889
1473913
1473932
1473953
1474020
1475607
1476091
1476107
1476151
1476278
1476330
1476370
1476618
1476690
1476767
1479034
1479135
1479243
1479365
1479481
1479598
1479654
1479697
1479779
1479857
1479945
1479998
1480294
1480362
1480398
1480456
1480534
1480580
1480656
1480691
1480715
1480765
14849155
14849158
14849163
14849171
14849177
14849186
14849198
14849203
14849215
1487696
1487822
1487862
1487948
1488010
1488039
1488104
1488199
1488258
1488338
1489124
1489188
1489250
1489299
1489319
1489460
1489497
1489575
1489645
1490761
14921607
14921612
14921617
14921630
14921639
14921646
14921657
14921665
14921669
14921674
14924732
14944397
14944402
14944525
14944534
14944539
14944550
14944580
14944585
1509809
1509868
1509915
1509977
1509995
1510100
1510142
1510207
1522893
1522908
1522926
1522951
1522962
1522977
1523007
1523739
1523757
1523776
1523800
1523816
1523859
1523884
1531213
1557115
1560030
1569521
1569548
1580068
1580175
1580233
1580323
1587823
1587950
1593357
1593430
1613586
1621907
1681655
1698321
1698337
1698357
1698387
1698413
1698496
1710815
1710910
1710990
1711046
1711495
1757477
1712138
1712163
1737473
1743077
1743212
233989
1743287
2110339
1743415
282725
1747216
1747232
1754820
1754840
1754855
1754878
1754905
1754925
1754945
1754966
1754989
1755012
1755037
1755049
1755060
1757414
1757433
1757441
1757467
1757500
1757513
1757529
1757546
1757564
1757602
1757675
1757692
1787415
1795852
1820471
1820478
1820693
1983633
1983751
1983759
1989388
1983790
1983797
1983799
1983804
1983808
1984665
1984932
1984934
1984936
1984939
1984941
1984943
1984947
1984949
284098
1984964
1984966
1985648
2063685
1988328
1988353
1990972
1991113
1991806
1991828
1993751
1995335
1995547
1995557
1995600
1995602
1996027
1996033
1996037
2000262
2000334
2000624
2000629
2000638
2000649
2004214
2006103
204402
204592
204618
204985
2054642
2054646
2055915
2062529
2062852
2062853
2062858
2062860
206289
2063683
2063687
2063688
2063690
2063692
2063694
2063700
2063702
2063704
2065261
2065263
2065265
2065267
2065269
2065271
2065273
2065275
2065277
2065279
2065284
2065287
2065291
2065293
2065295
2065297
2065333
2065337
2065340
206625
206870
2069742
2069744
207078
207432
207580
2080512
2081219
208498
2085233
2085858
2085860
2085862
2085863
208697
209732
2104658
210568
2106580
2110693
2110696
211463
2114877
2114879
2114881
2114883
2114885
2114887
2114890
2117180
2117181
2117182
2117184
2117185
2117186
2117189
2117190
2117192
2117193
2117194
2117214
2117216
2118175
2118186
2118194
2119943
2125942
2125944
2125946
2125950
2126626
2126635
2128615
2128616
2128617
2128618
2128619
2128620
2128621
2128624
286971
213327
2135592
213655
214031
214152
214178
214346
214516
214653
216907
217226
217786
218050
218130
218147
218252
218780
218833
219050
219271
219341
219677
220149
220510
220672
220891
222190
223109
223557
223960
224651
225397
225628
226587
227031
227150
228379
228828
229007
229161
229227
229379
230469
231309
231792
232261
232609
232746
233328
233495
234356
235484
235488
235516
235535
236913
236920
237996
238818
238994
239252
239276
239326
239666
240027
240573
240754
241000
241363
241917
242494
243405
244360
244685
244962
245290
245522
245692
246130
246522
2480041
248472
2491925
249233
249355
2495128
250088
251286
251469
251655
253016
253561
253697
253945
254234
254246
255009
255012
255313
255956
256428
256808
257047
257126
257245
257298
257313
257354
257706
257821
258102
258241
259160
259484
260053
260334
260344
261841
261880
263143
263635
263668
263737
263900
263933
263998
264005
264379
264394
264644
265305
265454
265463
265538
265832
265847
266045
266112
266125
266261
266474
266479
267018
268156
270727
271837
271966
272027
272135
272205
272406
272566
272706
272888
273087
273662
273678
273900
273932
273933
274060
274199
274488
274678
274747
275286
276409
276926
276927
277139
277471
278209
278274
278544
279869
280115
280706
281065
281233
281524
281787
282015
282650
282747
282880
283757
285409
285774
286985
287020
287076
