5910877
13741949
245044
260092
1387702
306387
1174400
4770714
210549
13801146
262503
2067467
972644
2498024
526261
10526001
233076
565702
1994728
308601
928512
239488
1042972
5954909
222678
244723
1070660
311580
233111
276100
282681
5888158
277815
5444607
1049293
1615853
526083
1404672
8677195
1300695
10556112
5561995
5683921
7282144
878251
907397
1060250
665216
815020
565661
1355551
8321590
541044
1341404
5684974
599725
12313535
222820
393278
13766547
1065433
13758435
7678710
696700
1251968
400870
1500204
1588964
1703871
3564279
7317572
310068
4759805
13875463
2058117
1003267
10525997
13981021
1967674
13757339
1465558
280777
1595239
2071456
2082826
212160
240281
253569
273976
392372
545124
7280185
609068
930966
1091284
1521946
1992869
1997599
2105651
1116010
1985910
949408
2100868
211174
255364
1629497
219424
1010938
260471
304491
2001351
848006
1668480
10543041
1208240
7280630
9513644
1236439
1426904
272811
1069224
12272122
963292
230756
266711
274479
364938
379504
294412
854753
8822703
963343
1387683
236741
1970057
294610
598276
239027
2083473
1338470
1351507
1398153
1405316
299454
7328681
825294
1429061
239167
270633
1740833
13740840
223402
235211
424917
528413
537304
1280000
2589537
259869
522564
5409333
692125
1028177
239646
4759740
7472823
259366
1672251
2005711
540439
7323156
7477723
654446
1250052
1566970
1583910
1721090
205633
220540
972415
1133397
325069
265998
406662
555332
1003055
10309616
1651464
1999524
272252
287834
649658
1419979
1622871
1625708
2064552
243955
293828
4759702
1247366
2084657
2110444
236920
291794
1146170
1498568
1628817
1970062
274973
281915
332517
609386
209108
10512716
1306864
5849367
13299893
13677407
1432130
2113245
222419
227692
231331
231759
2494403
262393
279295
5043287
540611
5412305
5412311
701756
7282259
7297312
7303838
7324244
7475543
788782
790183
7904836
847642
289879
12321180
1364507
226333
255581
267455
380853
509385
5960274
806082
1002001
1034425
10520164
1052018
1055666
1138535
1208285
5725632
1260508
13749704
14869227
1491154
1700632
14567609
2074775
2084540
2122992
2125838
380107
2127472
230551
235749
238344
247021
2488584
259061
267751
297826
308745
3481261
382284
383220
386338
474653
4770665
546913
5958483
606000
7316794
784108
808327
8305869
8672255
908361
996283
210542
278352
2067465
238232
13736234
358955
453185
825820
2086355
266501
1115513
259800
1562278
1005149
227286
507256
1038196
5408362
1323001
2046792
854844
916370
976004
1119564
1278788
1627381
267337
309401
470187
483098
1447685
2110406
2110442
261881
265459
736980
779226
788472
880574
1060870
1109755
291931
1461628
1735243
206551
207112
217713
228972
229274
238573
241857
249294
272789
304107
311699
5842357
691386
737012
737061
819057
894430
914349
1195359
1243302
1249078
1250754
12701383
1412206
1461677
1468479
1587615
2109721
2111553
211759
2122998
2131580
216624
2182503
219245
223583
227258
250009
256036
262022
263376
295127
332813
3471859
538484
5412456
5451586
5583949
5832273
5842450
595169
636305
679706
722207
7301094
7321722
8037862
810486
8242693
845174
877448
9070109
9073083
951611
961945
971636
983215
313548
3466167
434413
509198
5562019
7336606
1122429
1173829
1217190
13751150
13850971
1504016
1621020
1648655
7295791
1715636
1819088
1988756
207422
2106308
217720
501290
251561
2777599
2779686
379368
407089
407163
4771039
4771048
500802
5838119
5842996
7403264
837960
2091279
5563180
1198872
1505896
14469585
8768330
5835320
1198046
1408815
812430
1541711
435190
12272158
1278942
1440328
1985242
2045084
790515
1148292
1386748
212671
966116
7678684
11280509
790622
936272
12277329
2624495
1486085
1985239
1985254
5962310
1010935
14490170
1107705
1167979
1300635
1755343
224319
227232
394853
5891731
663582
790543
834015
453127
1289423
14484228
1191674
595893
1074076
1598211
227527
292956
968945
1080861
1137340
1161477
2057145
279985
301070
8383208
840342
964717
1477528
490917
509327
615278
1268065
1456510
204856
2088745
2495309
2777548
303539
366051
7294590
998920
14692846
281410
1246065
1322899
1126281
1276939
1073178
1162951
1168166
13989891
1997951
2160329
268228
461390
485932
1299511
2126192
401917
1027485
13677532
13724164
1399346
1970060
1985700
2058119
2060479
206976
2103073
246173
2494985
302960
303697
306065
310659
4770956
524995
6173010
689587
7288717
7304984
789033
916505
1077485
1081949
2066066
1238964
14387453
2193605
324419
3470520
3491305
8019307
8037856
8144814
8171177
8383204
872776
10291306
1052689
10546891
1093243
1115536
1147673
1154262
1456830
1621031
1764996
209695
2103098
2111877
2180034
243670
247550
280298
288114
305092
305737
4759675
4759759
4759845
540517
540704
540793
540977
5829475
7591558
1452663
1007656
10242064
1033325
1035892
1103992
1114291
11271039
1132789
1135980
1136345
1158134
1173186
12310378
1246286
1286943
1295984
13139275
13886361
14453963
1474460
1558857
1594483
1595438
1703768
1765032
1769908
1827437
1996556
2074336
2078692
2090093
2103085
2103111
282137
2112601
2112613
2122654
218791
2200481
220682
2217301
228253
244633
249412
264917
265521
276806
277456
283659
285507
304412
382538
389929
390582
399839
403930
423407
435225
435316
450695
4770651
5440933
547028
5582169
5675336
5835562
5837169
5837962
5838671
5915105
5919772
5951228
5963038
5964907
600567
605638
610157
7145589
7320391
770202
8186049
8248399
8929152
9063694
9063853
9063912
9079896
9192402
919251
938969
962894
963810
970577
982512
990794
995772
2076042
2341658
790575
11032643
1190027
1530711
225211
2496538
262622
283652
476651
7680234
1123528
1328961
12756772
13586932
1363020
13900807
1972988
212326
408261
5902158
618354
870997
972816
1072451
1654086
2112870
963574
10404950
1103123
1219555
13801112
13820060
13972081
1462711
1583369
282853
296640
579763
670381
7548127
8749130
1158117
1340521
14279374
1435940
1438202
14612370
2088265
2091668
2126037
240269
465761
771792
851070
8782135
1985902
237556
255122
293276
596714
705743
916394
999117
1040050
1045768
11062443
1992152
2001356
2005387
233784
271306
290766
3489441
3564239
3564416
3564492
3564547
628543
9102825
957032
2088825
657431
7320396
944754
959465
1243417
1250381
1517780
1555376
1586392
1721143
1721242
1984106
1988621
2052975
2058111
2063369
2064530
275225
279925
281016
282558
305608
306018
312346
665903
7278633
842821
1309606
2084385
5835359
1086624
1226224
207429
210629
212152
260315
266454
408213
408317
412531
13840220
14557589
236055
460409
570979
7281130
1042675
1087253
1161496
1263137
1268231
1300669
13626534
13764890
1456850
1717785
2064968
2119354
261002
286463
338474
486013
5563753
5832728
5835088
5837171
5838518
590548
7144754
7356688
735766
743746
8877991
2072948
7279816
898852
1376160
1570302
1651465
290485
5974579
8865388
9632999
1122967
1148777
13841418
1726894
1740768
1740803
1823976
268038
3489425
7292350
9143506
1244833
1341912
2103101
2631509
8037855
1202238
1317155
13942375
1522814
234252
2058103
249328
358062
529684
5562183
7328982
5562165
1723142
2050657
5838111
662375
700029
841574
8865519
1037832
1310210
13139915
2060268
217668
2479045
276054
312199
3564326
581067
5838997
696003
811422
9648040
2827479
1078399
12588300
1411495
1723158
307858
351682
743839
2064807
5563059
1249980
301427
7323554
802287
1027748
10431517
1265543
1994022
2047062
2064062
209885
2112859
2119278
284725
288489
5563077
574617
602616
681095
9056739
13665262
1226146
1117251
1342048
1350523
1463270
204848
2054861
2063432
2067461
2086655
2112865
275213
291078
378409
387664
425062
605538
6406066
653228
7304124
7354950
808303
8922737
964031
14377419
2001125
5692177
1208444
12316303
1462946
1533370
1545283
2053166
205487
2116710
2119199
2185166
225435
2494618
308653
3564385
434829
454277
471085
5723856
5898775
7276651
7281490
2084378
2200487
10295040
