10291012
2001125
609423
1984487
14320430
1485267
5959645
5962376
238275
810580
293832
283757
10510014
216633
263278
893000
978024
7276948
255450
1266301
2835422
935000
240091
2550905
232906
356481
241194
254165
14700147
612880
7277185
582038
1140166
1239553
1284442
2089987
2096520
236302
265410
296317
457697
8766668
949202
2075418
857648
211968
3468598
14319150
14321542
1590827
2127361
953214
2208944
3460824
391265
649956
7328375
1230838
1990072
2067461
5834863
613591
923081
13587206
562762
5953744
296205
1247715
1546930
563091
7282274
980881
1251553
2063432
2085004
2085011
1998134
503280
1050628
1140674
1316362
1363156
1436108
1627277
1989177
309465
390933
1462138
236247
2577675
2728588
660735
905500
13618814
1441541
2064018
303551
245208
222921
251890
524995
1357182
1372198
1465978
1484064
394230
5467947
5527287
977758
1063786
1068701
1158556
1350886
13882363
1434181
1520326
2099350
1557873
1592611
1592632
1651708
1667264
1801860
206142
2116442
2132516
2550600
286899
297187
297416
306065
475629
5562268
7873472
880740
8816958
