1000249
1000375
1241260
1001079
1001111
1001198
1001257
1001280
1001300
1001321
1001521
12318929
1001899
1001903
1001961
1002007
1002518
1002868
1003385
1003494
1003577
1004029
1004072
1004475
1004647
1004787
1005438
1005608
1005627
1005746
1005754
1005757
1005958
1006199
1007030
1007309
1007727
1007974
1008321
1008371
1008385
1008442
1008534
1009117
1009421
1010270
1010715
1011253
1012230
1013331
1013547
1013797
1014762
1016307
1016337
1016354
1016379
1016686
1016931
1017256
1017583
1018467
1019515
1020175
10202577
1021350
1021376
1023021
1024079
1024548
1025090
1026706
1026730
1027189
1027216
10288017
10291422
1029151
1032075
1035210
1035682
1035731
1035856
1035916
1036110
1036301
1036352
1037040
1037053
1038623
1038642
1039617
1040952
1041068
1041095
1041121
1041351
1041356
1700559
1041737
1041762
1042372
1042503
1042544
1042567
1042606
1042762
1042884
1042973
1043035
1043560
1043664
1043983
1043999
1044279
1044285
1044310
1044316
1044354
1044356
1044402
1044406
1044444
1045216
1045710
1045781
1046443
1046508
1046655
1046673
1046706
1046786
1046824
1047118
1047141
1047153
1047177
1047359
1048536
1049009
1049269
1050113
1050628
1051584
10517366
10517377
10517378
10517379
10518734
1052879
1052907
10543141
10551024
10551026
10551029
10551040
1055348
10562223
10562387
10562393
10562407
10562463
10562636
10562667
10562703
10562732
10562743
10562755
10562761
1058488
1059459
1059498
1059784
1059817
1065051
1065085
1065106
1065678
1067114
1069763
1070043
1070088
1072298
1072887
1072914
1072981
1072993
1073500
1073788
1074354
1074427
1074487
1074588
1075262
1075654
1076045
1076064
1076105
217039
1077880
1078700
1078752
1079045
1079695
1079730
1086888
1097316
1099217
1100478
1100549
1102753
1102974
1103131
1108089
1109924
1110134
1110341
1110992
1111206
1111245
1111777
1111793
1111863
1112584
1113165
1113199
1113216
1113234
1113408
1113709
1115574
1115708
1115835
1116037
1116821
1120773
1129158
1129300
11302590
1145984
1146078
1146106
1241329
1149195
1150604
1151888
1151971
1152326
1152576
1153169
1153292
12322547
1153561
1153805
1154017
1154108
1154344
1154870
1155060
1155165
1155218
1155512
1155534
1155573
1155746
1155795
1155824
1156097
1157919
1158031
1159015
1159127
1160098
1162370
1162817
1163869
1166608
1167060
1167322
1167478
1174382
1179194
1179407
1179480
1180966
1180986
1181041
1181069
1181408
1185612
1186473
1187771
1188678
1189624
1190730
1191843
1191859
1192258
1193394
1193421
1194057
1194461
1194961
1195870
1197353
14853287
1198006
1198359
1198369
1199774
1199788
1200706
1201007
1201971
1201991
1202053
1202452
1202703
1202715
1203328
1203473
1203492
1203553
1203987
1204013
1204044
1204223
1204381
1204450
1204762
1204778
1204793
1204852
1206288
1207139
1207965
1215588
1218872
1220190
1220241
1222527
1222553
1227392
1227461
1227594
1227686
12277060
12277071
12277077
12277095
12277105
12277113
12277121
12277146
12277152
12277168
12277174
12277180
12277186
1227725
12313691
12313694
12313695
12313696
12313698
12318609
12318722
12318836
12322544
12322557
12358242
12358246
12358250
12358254
12358263
12358267
1238415
1238449
1238521
1239125
1239155
1239206
1239553
1239588
1239677
1240527
1240720
1240747
1240804
1241216
1241327
1241444
1243473
1249953
1258790
1262827
1262870
1262928
1262941
1263658
1264872
1264893
1266173
1266301
222068
1272365
1272856
1274811
1274832
1275287
1276240
1278054
1278624
1278644
1278687
1279376
1279683
1281459
1281797
1282226
1283358
1284138
1284216
1284225
1284254
1284357
1285460
1286102
1287067
1295820
1297971
1299111
1302288
1304750
1304894
1305110
13056269
13056276
13056278
1307213
1308474
1310145
1312165
1314155
1314972
1319138
1319823
1320036
1320078
1320307
1320543
1323532
1328655
1332031
1333381
1333843
1336763
1338299
1340515
1340933
1341101
1341106
1341524
1342918
1345424
1348639
1349041
1349731
1350723
1351363
1351448
1351474
1351516
1351535
1351573
1351606
1489432
1351685
1351752
1351798
1352174
1352218
1358317
1358333
1358438
1358491
1358583
1359651
13618170
13618174
13618178
13618182
1363089
1368194
1368247
1368264
1368308
1371028
13715075
1372506
1372585
1372598
1373297
1374414
1375514
1375544
13757395
13757396
13757397
13757398
13757399
13757400
13757401
13757403
13757404
13757406
1376109
1376133
1376160
1376162
1376699
1376960
1377527
1377876
1378251
1378288
1378316
1378522
1380712
1381190
1381607
13859376
13877371
13877458
13877502
13877532
1387786
13877900
1387806
1387839
1387847
1387877
13880359
13880367
13880372
13880379
13880384
13880389
13880396
13908486
13910712
13910724
13910733
13910738
1392263
1394097
1394716
13977495
13977506
13977512
13977533
13977538
13977546
13977553
1398607
1402308
1402336
1402376
1402427
1402465
1402568
1409290
1413638
1413659
1416368
1416798
1416828
1416897
1416923
1417404
1418317
1419896
1420906
1423374
1423392
1423463
1423522
1423700
1425000
1426660
1427050
1428372
1429762
1429801
1430206
1430240
1430277
1430294
1430420
1430445
1434717
1445329
14453913
14454011
14454081
14454157
14454242
14454376
14454470
14454563
14454779
14454839
14454929
14454988
14455048
14455153
14457268
14457627
14458148
14458763
14459429
1723776
14462345
1449618
1450953
1453014
1453029
1453370
1983908
1459397
1460436
1462031
1463477
1465585
14672253
14672412
14673044
14673223
14673600
14673714
14673853
14674009
14674154
14674673
1469506
14699979
14700525
1470192
14707408
14707412
14707414
14707416
14712443
14715909
1473208
14741468
1479968
14806433
1482615
1483474
1483505
1483572
1483881
1654046
1484278
14850398
14851609
2264899
14878587
14878867
14878927
1488614
14886969
14886976
14886987
14886996
14887001
14887007
1488712
1488732
1489289
1489380
1489415
1489431
1490184
1490219
14904191
14904210
14906070
14906082
14906213
14906382
14911855
14913865
14924142
14939542
14941088
14941752
14943726
14943730
14943733
14943735
14943737
14943739
14943741
14943743
14943745
14947330
1494807
14948253
14948299
1494841
1494857
14948772
14948789
1494887
14949090
1688675
14956308
14956315
14956332
14956340
1497347
1499970
15027575
1503327
1503344
1503863
1503891
1503941
1503982
1504016
1504804
1505545
1505569
1505809
1508338
1510788
1510815
1510830
1511261
1511557
1513951
1513955
1513969
1513985
1514077
1514110
1514380
1521371
1525235
15306636
15336585
15337520
15337698
15367213
1551902
1554726
1561167
1574306
1574313
1576700
1576721
1582614
1583414
1584646
1586030
1589564
1590353
1590381
1590410
1590436
1590454
1590490
1590535
1590568
1590570
1590572
1590605
1590627
1590655
1590680
1590780
1590827
1591789
1597130
1605780
1606292
1615167
1617020
1618418
1622610
1623268
1624304
1624577
1625355
16271793
16271839
16271978
16272096
16272533
16272955
16273688
16274039
16274160
1651708
1651786
1651994
1652044
1652480
1652491
1653411
1653425
1653585
1653675
1653776
1653836
1653977
1654020
16542369
16542382
16542399
16542421
16542426
16542433
16542584
16542600
16542611
16542620
16542638
16542650
16542667
16542677
16542687
16542695
16542708
16542723
16542736
16542787
1655545
1655625
16565117
16565156
16565577
16565683
1656972
16602986
16603030
16603036
16603308
1662652
1676281
1688664
1688719
1700530
1700541
1707528
1707569
1707651
1711215
1718905
1718927
1718951
1718993
1723784
1723826
1723853
1732467
1732471
1732494
1732506
1732519
1740373
1745499
1776583
1776595
1776615
1776632
1785634
1790241
1790244
1792082
1794285
1794289
1794293
1794303
1794311
1794317
1794322
1794325
1794328
1794335
1794338
1794461
1796961
1801464
1801470
1803224
1809964
1809996
1819202
1823853
1823860
1823868
1825182
1825187
1834654
1947952
1948255
1952963
1957224
1957230
1965072
1992614
1996636
2002085
2017719
2040712
2040713
2040714
2040717
2040720
2040721
2040723
2040726
204923
206919
207361
2089536
2089539
2089540
2089541
2089542
210033
210422
210963
2116570
212589
213495
214250
218531
219522
222746
223020
224213
225234
225875
2259196
2259489
2261257
2263005
2264467
2264470
2264472
2264475
2264476
2264891
2264892
2264896
2264897
2264903
2264904
2264935
2264938
2265088
2265897
2265920
2265925
2265948
2266115
2266362
2266886
2268123
2268454
2268455
227043
227120
227241
228056
229164
229278
233168
233917
2341390
2341391
2341397
2341419
235740
236426
236507
238428
239189
239532
240516
241568
241932
245828
2463921
2478268
2486805
