0	2010-10-19T23:55:27Z	30.2359091167	-97.7951395833	22847
0	2010-10-18T22:17:43Z	30.2691029532	-97.7493953705	420315
0	2010-10-17T23:42:03Z	30.2557309927	-97.7633857727	316637
0	2010-10-17T19:26:05Z	30.2634181234	-97.7575966669	16516
0	2010-10-16T18:50:42Z	30.2742918584	-97.7405226231	5535878
0	2010-10-12T23:58:03Z	30.261599404	-97.7585805953	15372
0	2010-10-12T22:02:11Z	30.2679095833	-97.7493124167	21714
0	2010-10-12T19:44:40Z	30.2691029532	-97.7493953705	420315
0	2010-10-12T15:57:20Z	30.2811204101	-97.7452111244	153505
0	2010-10-12T15:19:03Z	30.2691029532	-97.7493953705	420315
0	2010-10-12T00:21:28Z	40.6438845363	-73.7828063965	23261
0	2010-10-11T20:21:20Z	40.74137425	-73.9881052167	16907
0	2010-10-11T20:20:42Z	40.741388197	-73.9894545078	12973
0	2010-10-11T00:06:30Z	40.7249103345	-73.9946207517	341255
0	2010-10-10T22:00:37Z	40.729768314	-73.9985353275	260957
0	2010-10-10T21:17:14Z	40.7285271242	-73.9968681335	1933724
0	2010-10-10T17:47:04Z	40.7417466987	-73.993421425	105068
0	2010-10-09T23:51:10Z	40.7341933833	-74.0041635333	34817
0	2010-10-09T22:27:07Z	40.7425115937	-74.0060305595	27836
0	2010-10-09T21:39:26Z	40.7423961659	-74.0075433254	15079
0	2010-10-09T21:36:05Z	40.7423961659	-74.0075433254	15079
0	2010-10-09T21:05:23Z	40.7358847426	-74.0049684048	22806
0	2010-10-09T20:55:47Z	40.7275253534	-73.9853990078	1365909
0	2010-10-09T01:37:03Z	40.7568799674	-73.9862251282	11844
0	2010-10-08T21:48:37Z	40.7074172208	-74.0113627911	11742
0	2010-10-08T21:45:48Z	40.7071727167	-74.0105454333	19822
0	2010-10-08T21:43:52Z	40.7070708167	-74.0119528667	15169
0	2010-10-08T21:43:02Z	40.705823135	-73.9966964722	11794
0	2010-10-08T19:28:36Z	40.7693780407	-73.9630830288	1567837
0	2010-10-08T17:24:27Z	40.7808054632	-73.9764726162	35513
0	2010-10-08T00:07:48Z	40.7317243329	-74.0033376217	87914
0	2010-10-07T23:18:10Z	40.7308686424	-73.9975655079	16397
0	2010-10-07T21:58:31Z	40.7422010764	-73.9879953861	17710
0	2010-10-07T21:02:01Z	40.7458101407	-73.9882206917	60450
0	2010-10-07T20:31:48Z	40.7484436586	-73.9857316017	12313
0	2010-10-07T20:14:44Z	40.7515076167	-73.9755	34484
0	2010-10-07T15:27:40Z	40.6438845363	-73.7828063965	23261
0	2010-10-06T23:25:34Z	30.2691029532	-97.7493953705	420315
0	2010-10-05T23:11:39Z	30.2316497167	-97.8001714167	49215
0	2010-10-05T23:02:31Z	30.2453613167	-97.7790927833	16431
0	2010-10-05T16:10:35Z	30.2691029532	-97.7493953705	420315
0	2010-10-04T14:46:01Z	30.2679095833	-97.7493124167	21714
0	2010-10-03T22:21:49Z	30.2448597206	-97.7571630478	18417
0	2010-10-02T22:21:22Z	30.4053040116	-97.8783988953	1151119
0	2010-10-02T01:48:43Z	30.2558143993	-97.7634179592	4256132
0	2010-10-01T14:36:39Z	30.2679095833	-97.7493124167	21714
0	2010-09-30T23:23:22Z	30.2643362697	-97.7410461251	211286
0	2010-09-29T00:31:24Z	30.2379105	-97.79996073	539065
0	2010-09-28T23:47:07Z	30.2313745667	-97.79745475	15590
0	2010-09-27T14:52:01Z	30.2691029532	-97.7493953705	420315
0	2010-09-26T16:43:45Z	30.250617981	-97.7658996582	121955
0	2010-09-25T19:21:51Z	30.244761	-97.7489610333	25151
0	2010-09-25T02:00:54Z	30.3170157639	-97.7195692062	1145567
0	2010-09-24T21:32:13Z	30.2691029532	-97.7493953705	420315
0	2010-09-24T14:58:57Z	30.2679095833	-97.7493124167	21714
0	2010-09-22T23:33:37Z	30.265405691	-97.7477914095	46946
0	2010-09-22T22:24:27Z	30.2679095833	-97.7493124167	21714
0	2010-09-21T20:03:48Z	30.2679095833	-97.7493124167	21714
0	2010-09-21T02:17:22Z	30.2464607667	-97.7507881833	24276
0	2010-09-17T00:04:39Z	30.2698105017	-97.7489702462	3842712
0	2010-09-15T23:04:13Z	30.2691029532	-97.7493953705	420315
0	2010-09-13T19:17:46Z	39.0442360953	-94.6207433939	17602
0	2010-09-13T18:00:26Z	38.9927760833	-94.5952756	17236
0	2010-09-13T01:13:03Z	39.0410529489	-94.5947393775	8964
0	2010-09-12T16:49:55Z	39.0528237667	-94.59031105	8938
0	2010-09-11T22:48:18Z	38.934693546	-94.6297931671	19224
0	2010-09-11T18:36:30Z	39.0570354833	-94.6037541167	157923
0	2010-09-11T18:13:13Z	39.0573335333	-94.6061795	18329
0	2010-09-11T18:05:27Z	39.0506711667	-94.5980687833	17526
0	2010-09-09T18:22:04Z	37.7662367387	-96.9814789295	232292
0	2010-09-09T14:25:57Z	34.1856460333	-97.1656978333	64830
0	2010-09-08T16:58:19Z	30.2691029532	-97.7493953705	420315
0	2010-09-07T21:08:32Z	30.2691029532	-97.7493953705	420315
0	2010-09-07T16:12:49Z	30.2691029532	-97.7493953705	420315
0	2010-09-06T00:07:17Z	30.2637747742	-97.7706599236	9263
0	2010-09-05T17:33:43Z	30.234214067	-97.757570733	1576090
0	2010-09-04T21:32:40Z	30.2448597206	-97.7571630478	18417
0	2010-09-04T03:14:33Z	30.2668906357	-97.7456858754	9223
0	2010-09-03T00:28:30Z	30.2686964002	-97.7456147969	9313
0	2010-09-01T22:36:33Z	30.3101526622	-97.7401578426	1067829
0	2010-09-01T01:08:15Z	30.2448597206	-97.7571630478	18417
0	2010-08-31T16:19:01Z	30.2691029532	-97.7493953705	420315
0	2010-08-30T20:57:25Z	30.2679095833	-97.7493124167	21714
0	2010-08-30T14:17:05Z	30.26485415	-97.7438453833	480992
0	2010-08-30T00:11:01Z	30.2509939667	-97.7489662167	9508
0	2010-08-28T22:27:57Z	30.2448597206	-97.7571630478	18417
0	2010-08-28T19:16:11Z	30.2637747742	-97.7706599236	9263
0	2010-08-28T03:09:14Z	30.310911744	-97.742886739	2587606
0	2010-08-28T03:08:50Z	30.310959277	-97.74269296	2587024
0	2010-08-28T02:40:57Z	30.31104325	-97.74291515	11934
0	2010-08-28T01:12:11Z	30.244761	-97.7489610333	25151
0	2010-08-26T22:47:32Z	30.2662396721	-97.7459084988	9225
0	2010-08-26T14:11:36Z	30.26485415	-97.7438453833	480992
0	2010-08-26T00:09:46Z	30.2464607667	-97.7507881833	24276
0	2010-08-25T18:59:04Z	30.2691029532	-97.7493953705	420315
0	2010-08-25T02:03:08Z	30.2637747742	-97.7706599236	9263
0	2010-08-24T17:33:20Z	30.2707337816	-97.7537029982	9241
0	2010-08-24T16:26:53Z	30.2691029532	-97.7493953705	420315
0	2010-08-23T14:45:49Z	30.2679095833	-97.7493124167	21714
0	2010-08-21T18:10:00Z	30.2448597206	-97.7571630478	18417
0	2010-08-20T02:49:08Z	30.2015573297	-97.6671266556	9410
0	2010-08-19T21:59:09Z	37.6163560649	-122.3861503601	19542
0	2010-08-19T20:51:29Z	37.7615082532	-122.4257665873	13338
0	2010-08-19T20:20:56Z	37.759688872	-122.4271774292	9153
0	2010-08-19T07:06:11Z	37.78594785	-122.4106178	202692
0	2010-08-19T04:12:03Z	37.4191867667	-122.2122015167	22765
0	2010-08-19T00:49:02Z	37.4157602871	-122.1525514126	14515
0	2010-08-18T17:56:37Z	37.7826046833	-122.4076080167	14608
0	2010-08-18T01:56:15Z	30.2702114098	-97.7497132123	15478
0	2010-08-17T23:48:51Z	30.2493640765	-97.7494704723	11368
0	2010-08-17T21:46:15Z	30.2450661333	-97.7515263333	20922
0	2010-08-17T20:39:25Z	30.2691029532	-97.7493953705	420315
0	2010-08-14T22:18:19Z	30.2642977167	-97.73298025	15245
0	2010-08-14T16:27:11Z	30.272031012	-97.7541106939	140363
0	2010-08-13T18:10:47Z	30.2691029532	-97.7493953705	420315
0	2010-08-12T23:00:12Z	30.2691029532	-97.7493953705	420315
0	2010-08-12T15:50:54Z	30.2691029532	-97.7493953705	420315
0	2010-08-09T14:42:40Z	30.26485415	-97.7438453833	480992
0	2010-08-08T18:37:40Z	30.2510462058	-97.7493242919	15326
0	2010-08-07T01:06:43Z	30.265405691	-97.7477914095	46946
0	2010-08-06T22:29:22Z	30.2690658886	-97.7456724644	1038401
0	2010-08-05T23:01:21Z	30.2691029532	-97.7493953705	420315
0	2010-08-04T18:51:53Z	30.2691029532	-97.7493953705	420315
0	2010-08-04T14:51:55Z	30.2499093273	-97.7495319687	38046
0	2010-08-03T19:27:16Z	30.2679095833	-97.7493124167	21714
0	2010-08-03T01:08:34Z	30.2515346167	-97.7490263167	87899
0	2010-08-01T02:54:49Z	30.2509939667	-97.7489662167	9508
0	2010-07-31T16:53:09Z	30.2679095833	-97.7493124167	21714
0	2010-07-31T01:49:44Z	30.2510314833	-97.754092	49904
0	2010-07-29T23:59:07Z	30.2662396721	-97.7459084988	9225
0	2010-07-29T17:23:56Z	30.2707337816	-97.7537029982	9241
0	2010-07-26T16:37:17Z	30.2015573297	-97.6671266556	9410
0	2010-07-26T13:36:43Z	39.8495018818	-104.673871994	23256
0	2010-07-26T03:19:42Z	39.7641810492	-104.9040591717	1303715
0	2010-07-26T02:35:03Z	39.8495018818	-104.673871994	23256
0	2010-07-25T22:16:27Z	39.8495018818	-104.673871994	23256
0	2010-07-25T17:19:54Z	39.1910541	-106.821248517	1229499
0	2010-07-25T04:40:18Z	39.1861902333	-106.8168686333	166829
0	2010-07-23T02:00:23Z	39.200664267	-106.827922567	1485403
0	2010-07-22T18:22:41Z	39.2011278225	-106.8312478065	406978
0	2010-07-22T02:58:12Z	39.1933075167	-106.8306456667	321247
0	2010-07-22T01:40:44Z	39.2191109667	-106.86401495	54760
0	2010-07-21T21:39:34Z	39.8495018818	-104.673871994	23256
0	2010-07-21T18:38:27Z	30.2015573297	-97.6671266556	9410
0	2010-07-21T02:01:23Z	30.2541414667	-97.7623172167	69230
0	2010-07-21T00:23:42Z	30.2541434833	-97.7623320667	232554
0	2010-07-18T17:19:32Z	30.3307521333	-97.73175715	14554
0	2010-07-18T02:22:38Z	30.2557309927	-97.7633857727	316637
0	2010-07-17T02:54:37Z	30.26406815	-97.7672601333	448862
0	2010-07-13T18:17:34Z	30.2691029532	-97.7493953705	420315
0	2010-07-12T22:14:34Z	30.2679095833	-97.7493124167	21714
0	2010-07-12T20:52:19Z	30.2691029532	-97.7493953705	420315
0	2010-07-11T16:07:19Z	30.2686964002	-97.7456147969	9313
0	2010-07-11T01:58:45Z	30.2506754911	-97.7495348454	10923
0	2010-07-10T00:40:50Z	30.263010098	-97.7250816461	316837
0	2010-07-09T15:49:21Z	30.2691029532	-97.7493953705	420315
0	2010-07-09T00:55:03Z	30.3170157639	-97.7195692062	1145567
0	2010-07-08T16:56:27Z	30.2811204101	-97.7452111244	153505
0	2010-07-07T17:40:19Z	30.269767797	-97.7482661605	78290
0	2010-07-05T01:06:29Z	30.2627183704	-97.7503716946	43073
0	2010-07-04T23:47:39Z	30.2545781333	-97.769175	33362
0	2010-07-03T17:32:46Z	30.2448597206	-97.7571630478	18417
0	2010-07-03T00:02:18Z	30.2835524458	-97.7225679159	160579
0	2010-07-02T17:51:31Z	30.27055195	-97.7483066333	18328
0	2010-06-29T14:52:50Z	30.26485415	-97.7438453833	480992
0	2010-06-28T20:15:22Z	30.2679095833	-97.7493124167	21714
0	2010-06-27T21:02:17Z	30.26406815	-97.7672601333	448862
0	2010-06-27T18:20:17Z	30.2510462058	-97.7493242919	15326
0	2010-06-27T01:06:11Z	30.2638859739	-97.7379798889	9382
0	2010-06-26T22:52:34Z	30.26175155	-97.7618140833	22071
0	2010-06-25T04:13:07Z	30.2015573297	-97.6671266556	9410
0	2010-06-24T16:54:36Z	37.5370606667	-122.3278893833	29119
0	2010-06-24T14:27:35Z	37.6163560649	-122.3861503601	19542
0	2010-06-23T02:13:01Z	30.2510314833	-97.754092	49904
0	2010-06-22T02:22:27Z	30.2662396721	-97.7459084988	9225
0	2010-06-21T20:03:10Z	30.2679095833	-97.7493124167	21714
0	2010-06-21T13:27:02Z	30.2725313677	-97.7536225319	45331
0	2010-06-21T04:31:09Z	30.2541414667	-97.7623172167	69230
0	2010-06-20T01:32:26Z	30.26280055	-97.7250684167	123535
0	2010-06-18T19:05:50Z	30.2691029532	-97.7493953705	420315
0	2010-06-18T05:28:17Z	30.244761	-97.7489610333	25151
0	2010-06-17T16:35:00Z	30.2691029532	-97.7493953705	420315
0	2010-06-16T00:09:30Z	30.2510462058	-97.7493242919	15326
0	2010-06-15T14:20:40Z	30.244761	-97.7489610333	25151
0	2010-06-13T01:33:20Z	39.05274305	-94.6036108667	34087
0	2010-06-12T19:16:57Z	38.9989524833	-94.5939345333	19890
0	2010-06-12T02:09:29Z	39.0369789909	-94.5871867215	1193160
0	2010-06-10T22:53:50Z	37.7831295924	-122.4038743973	1221889
0	2010-06-10T19:52:54Z	37.7864788714	-122.403563261	57155
0	2010-06-10T03:21:53Z	37.7795577	-122.39790915	10349
0	2010-06-10T02:28:46Z	37.7825583	-122.4001254333	210176
0	2010-06-10T00:04:04Z	37.7857173715	-122.3992462045	1251533
0	2010-06-09T19:20:01Z	37.7881916086	-122.4012136459	16002
0	2010-06-09T00:39:03Z	37.7614446392	-122.4239587784	10594
0	2010-06-08T20:26:32Z	37.7826046833	-122.4076080167	14608
0	2010-06-08T17:03:24Z	37.7825583	-122.4001254333	210176
0	2010-06-08T02:29:37Z	37.7854359476	-122.4039494991	19199
0	2010-06-07T16:34:13Z	37.7831295924	-122.4038743973	1221889
0	2010-06-07T11:06:13Z	37.7831295924	-122.4038743973	1221889
0	2010-06-07T06:01:04Z	37.7815086	-122.4050282333	86754
